Participant	block_order	trial	A	B	DA	DB	R	index	ID	PA	PB
4002	1	1	-3	-30	0	7	0	1	1	1	1
4002	1	2	-6	-30	0	7	0	1	1	1	1
4002	1	3	-9	-30	0	7	0	1	1	1	1
4002	1	4	-12	-30	0	7	0	1	1	1	1
4002	1	5	-15	-30	0	7	1	1	1	1	1
4002	1	6	-18	-30	0	7	0	1	1	1	1
4002	1	7	-21	-30	0	7	0	1	1	1	1
4002	1	8	-24	-30	0	7	0	1	1	1	1
4002	1	9	-27	-30	0	7	0	1	1	1	1
4002	1	10	-30	-30	0	7	1	1	1	1	1
4002	1	11	-3	-30	0	15	0	2	1	1	1
4002	1	12	-6	-30	0	15	0	2	1	1	1
4002	1	13	-9	-30	0	15	0	2	1	1	1
4002	1	14	-12	-30	0	15	0	2	1	1	1
4002	1	15	-15	-30	0	15	0	2	1	1	1
4002	1	16	-18	-30	0	15	0	2	1	1	1
4002	1	17	-21	-30	0	15	0	2	1	1	1
4002	1	18	-24	-30	0	15	0	2	1	1	1
4002	1	19	-27	-30	0	15	0	2	1	1	1
4002	1	20	-30	-30	0	15	1	2	1	1	1
4002	1	21	-3	-30	0	101	0	3	1	1	1
4002	1	22	-6	-30	0	101	1	3	1	1	1
4002	1	23	-9	-30	0	101	1	3	1	1	1
4002	1	24	-12	-30	0	101	1	3	1	1	1
4002	1	25	-15	-30	0	101	1	3	1	1	1
4002	1	26	-18	-30	0	101	1	3	1	1	1
4002	1	27	-21	-30	0	101	1	3	1	1	1
4002	1	28	-24	-30	0	101	1	3	1	1	1
4002	1	29	-27	-30	0	101	1	3	1	1	1
4002	1	30	-30	-30	0	101	1	3	1	1	1
4002	1	31	-3	-30	0	29	1	4	1	1	1
4002	1	32	-6	-30	0	29	1	4	1	1	1
4002	1	33	-9	-30	0	29	1	4	1	1	1
4002	1	34	-12	-30	0	29	1	4	1	1	1
4002	1	35	-15	-30	0	29	1	4	1	1	1
4002	1	36	-18	-30	0	29	1	4	1	1	1
4002	1	37	-21	-30	0	29	1	4	1	1	1
4002	1	38	-24	-30	0	29	1	4	1	1	1
4002	1	39	-27	-30	0	29	1	4	1	1	1
4002	1	40	-30	-30	0	29	1	4	1	1	1
4002	1	41	-3	-30	0	56	1	5	1	1	1
4002	1	42	-6	-30	0	56	1	5	1	1	1
4002	1	43	-9	-30	0	56	1	5	1	1	1
4002	1	44	-12	-30	0	56	1	5	1	1	1
4002	1	45	-15	-30	0	56	1	5	1	1	1
4002	1	46	-18	-30	0	56	1	5	1	1	1
4002	1	47	-21	-30	0	56	1	5	1	1	1
4002	1	48	-24	-30	0	56	1	5	1	1	1
4002	1	49	-27	-30	0	56	1	5	1	1	1
4002	1	50	-30	-30	0	56	1	5	1	1	1
4005	2	1	-30	-30	0	15	1	1	2	1	1
4005	2	2	-27	-30	0	15	0	1	2	1	1
4005	2	3	-24	-30	0	15	0	1	2	1	1
4005	2	4	-21	-30	0	15	0	1	2	1	1
4005	2	5	-18	-30	0	15	0	1	2	1	1
4005	2	6	-15	-30	0	15	0	1	2	1	1
4005	2	7	-12	-30	0	15	0	1	2	1	1
4005	2	8	-9	-30	0	15	0	1	2	1	1
4005	2	9	-6	-30	0	15	0	1	2	1	1
4005	2	10	-3	-30	0	15	0	1	2	1	1
4005	2	11	-30	-30	0	29	1	2	2	1	1
4005	2	12	-27	-30	0	29	1	2	2	1	1
4005	2	13	-24	-30	0	29	1	2	2	1	1
4005	2	14	-21	-30	0	29	0	2	2	1	1
4005	2	15	-18	-30	0	29	0	2	2	1	1
4005	2	16	-15	-30	0	29	0	2	2	1	1
4005	2	17	-12	-30	0	29	0	2	2	1	1
4005	2	18	-9	-30	0	29	0	2	2	1	1
4005	2	19	-6	-30	0	29	0	2	2	1	1
4005	2	20	-3	-30	0	29	0	2	2	1	1
4005	2	21	-30	-30	0	7	1	3	2	1	1
4005	2	22	-27	-30	0	7	0	3	2	1	1
4005	2	23	-24	-30	0	7	0	3	2	1	1
4005	2	24	-21	-30	0	7	0	3	2	1	1
4005	2	25	-18	-30	0	7	0	3	2	1	1
4005	2	26	-15	-30	0	7	0	3	2	1	1
4005	2	27	-12	-30	0	7	0	3	2	1	1
4005	2	28	-9	-30	0	7	0	3	2	1	1
4005	2	29	-6	-30	0	7	0	3	2	1	1
4005	2	30	-3	-30	0	7	0	3	2	1	1
4005	2	31	-30	-30	0	56	1	4	2	1	1
4005	2	32	-27	-30	0	56	1	4	2	1	1
4005	2	33	-24	-30	0	56	1	4	2	1	1
4005	2	34	-21	-30	0	56	1	4	2	1	1
4005	2	35	-18	-30	0	56	1	4	2	1	1
4005	2	36	-15	-30	0	56	0	4	2	1	1
4005	2	37	-12	-30	0	56	0	4	2	1	1
4005	2	38	-9	-30	0	56	0	4	2	1	1
4005	2	39	-6	-30	0	56	0	4	2	1	1
4005	2	40	-3	-30	0	56	0	4	2	1	1
4005	2	41	-30	-30	0	101	1	5	2	1	1
4005	2	42	-27	-30	0	101	1	5	2	1	1
4005	2	43	-24	-30	0	101	1	5	2	1	1
4005	2	44	-21	-30	0	101	1	5	2	1	1
4005	2	45	-18	-30	0	101	1	5	2	1	1
4005	2	46	-15	-30	0	101	1	5	2	1	1
4005	2	47	-12	-30	0	101	1	5	2	1	1
4005	2	48	-9	-30	0	101	0	5	2	1	1
4005	2	49	-6	-30	0	101	0	5	2	1	1
4005	2	50	-3	-30	0	101	0	5	2	1	1
4006	3	1	-30	-30	0	29	1	1	3	1	1
4006	3	2	-27	-30	0	29	0	1	3	1	1
4006	3	3	-24	-30	0	29	1	1	3	1	1
4006	3	4	-21	-30	0	29	0	1	3	1	1
4006	3	5	-18	-30	0	29	0	1	3	1	1
4006	3	6	-15	-30	0	29	0	1	3	1	1
4006	3	7	-12	-30	0	29	1	1	3	1	1
4006	3	8	-9	-30	0	29	0	1	3	1	1
4006	3	9	-6	-30	0	29	0	1	3	1	1
4006	3	10	-3	-30	0	29	1	1	3	1	1
4006	3	11	-30	-30	0	56	1	2	3	1	1
4006	3	12	-27	-30	0	56	1	2	3	1	1
4006	3	13	-24	-30	0	56	1	2	3	1	1
4006	3	14	-21	-30	0	56	1	2	3	1	1
4006	3	15	-18	-30	0	56	1	2	3	1	1
4006	3	16	-15	-30	0	56	1	2	3	1	1
4006	3	17	-12	-30	0	56	0	2	3	1	1
4006	3	18	-9	-30	0	56	1	2	3	1	1
4006	3	19	-6	-30	0	56	1	2	3	1	1
4006	3	20	-3	-30	0	56	0	2	3	1	1
4006	3	21	-30	-30	0	15	1	3	3	1	1
4006	3	22	-27	-30	0	15	1	3	3	1	1
4006	3	23	-24	-30	0	15	1	3	3	1	1
4006	3	24	-21	-30	0	15	1	3	3	1	1
4006	3	25	-18	-30	0	15	1	3	3	1	1
4006	3	26	-15	-30	0	15	0	3	3	1	1
4006	3	27	-12	-30	0	15	0	3	3	1	1
4006	3	28	-9	-30	0	15	0	3	3	1	1
4006	3	29	-6	-30	0	15	1	3	3	1	1
4006	3	30	-3	-30	0	15	1	3	3	1	1
4006	3	31	-30	-30	0	101	1	4	3	1	1
4006	3	32	-27	-30	0	101	1	4	3	1	1
4006	3	33	-24	-30	0	101	1	4	3	1	1
4006	3	34	-21	-30	0	101	1	4	3	1	1
4006	3	35	-18	-30	0	101	1	4	3	1	1
4006	3	36	-15	-30	0	101	1	4	3	1	1
4006	3	37	-12	-30	0	101	1	4	3	1	1
4006	3	38	-9	-30	0	101	1	4	3	1	1
4006	3	39	-6	-30	0	101	1	4	3	1	1
4006	3	40	-3	-30	0	101	1	4	3	1	1
4006	3	41	-30	-30	0	7	1	5	3	1	1
4006	3	42	-27	-30	0	7	0	5	3	1	1
4006	3	43	-24	-30	0	7	0	5	3	1	1
4006	3	44	-21	-30	0	7	1	5	3	1	1
4006	3	45	-18	-30	0	7	0	5	3	1	1
4006	3	46	-15	-30	0	7	1	5	3	1	1
4006	3	47	-12	-30	0	7	1	5	3	1	1
4006	3	48	-9	-30	0	7	1	5	3	1	1
4006	3	49	-6	-30	0	7	0	5	3	1	1
4006	3	50	-3	-30	0	7	0	5	3	1	1
4011	4	1	-3	-30	0	56	0	1	4	1	1
4011	4	2	-6	-30	0	56	1	1	4	1	1
4011	4	3	-9	-30	0	56	1	1	4	1	1
4011	4	4	-12	-30	0	56	1	1	4	1	1
4011	4	5	-15	-30	0	56	1	1	4	1	1
4011	4	6	-18	-30	0	56	1	1	4	1	1
4011	4	7	-21	-30	0	56	1	1	4	1	1
4011	4	8	-24	-30	0	56	1	1	4	1	1
4011	4	9	-27	-30	0	56	1	1	4	1	1
4011	4	10	-30	-30	0	56	0	1	4	1	1
4011	4	11	-3	-30	0	101	0	2	4	1	1
4011	4	12	-6	-30	0	101	0	2	4	1	1
4011	4	13	-9	-30	0	101	0	2	4	1	1
4011	4	14	-12	-30	0	101	0	2	4	1	1
4011	4	15	-15	-30	0	101	0	2	4	1	1
4011	4	16	-18	-30	0	101	1	2	4	1	1
4011	4	17	-21	-30	0	101	1	2	4	1	1
4011	4	18	-24	-30	0	101	1	2	4	1	1
4011	4	19	-27	-30	0	101	1	2	4	1	1
4011	4	20	-30	-30	0	101	1	2	4	1	1
4011	4	21	-3	-30	0	29	0	3	4	1	1
4011	4	22	-6	-30	0	29	0	3	4	1	1
4011	4	23	-9	-30	0	29	0	3	4	1	1
4011	4	24	-12	-30	0	29	0	3	4	1	1
4011	4	25	-15	-30	0	29	1	3	4	1	1
4011	4	26	-18	-30	0	29	1	3	4	1	1
4011	4	27	-21	-30	0	29	1	3	4	1	1
4011	4	28	-24	-30	0	29	1	3	4	1	1
4011	4	29	-27	-30	0	29	1	3	4	1	1
4011	4	30	-30	-30	0	29	1	3	4	1	1
4011	4	31	-3	-30	0	7	0	4	4	1	1
4011	4	32	-6	-30	0	7	0	4	4	1	1
4011	4	33	-9	-30	0	7	0	4	4	1	1
4011	4	34	-12	-30	0	7	0	4	4	1	1
4011	4	35	-15	-30	0	7	0	4	4	1	1
4011	4	36	-18	-30	0	7	1	4	4	1	1
4011	4	37	-21	-30	0	7	1	4	4	1	1
4011	4	38	-24	-30	0	7	1	4	4	1	1
4011	4	39	-27	-30	0	7	1	4	4	1	1
4011	4	40	-30	-30	0	7	1	4	4	1	1
4011	4	41	-3	-30	0	15	0	5	4	1	1
4011	4	42	-6	-30	0	15	0	5	4	1	1
4011	4	43	-9	-30	0	15	0	5	4	1	1
4011	4	44	-12	-30	0	15	0	5	4	1	1
4011	4	45	-15	-30	0	15	0	5	4	1	1
4011	4	46	-18	-30	0	15	1	5	4	1	1
4011	4	47	-21	-30	0	15	1	5	4	1	1
4011	4	48	-24	-30	0	15	1	5	4	1	1
4011	4	49	-27	-30	0	15	1	5	4	1	1
4011	4	50	-30	-30	0	15	1	5	4	1	1
4014	6	1	-3	-30	0	56	0	1	5	1	1
4014	6	2	-6	-30	0	56	0	1	5	1	1
4014	6	3	-9	-30	0	56	0	1	5	1	1
4014	6	4	-12	-30	0	56	0	1	5	1	1
4014	6	5	-15	-30	0	56	0	1	5	1	1
4014	6	6	-18	-30	0	56	1	1	5	1	1
4014	6	7	-21	-30	0	56	1	1	5	1	1
4014	6	8	-24	-30	0	56	1	1	5	1	1
4014	6	9	-27	-30	0	56	1	1	5	1	1
4014	6	10	-30	-30	0	56	1	1	5	1	1
4014	6	11	-3	-30	0	29	0	2	5	1	1
4014	6	12	-6	-30	0	29	0	2	5	1	1
4014	6	13	-9	-30	0	29	0	2	5	1	1
4014	6	14	-12	-30	0	29	0	2	5	1	1
4014	6	15	-15	-30	0	29	0	2	5	1	1
4014	6	16	-18	-30	0	29	0	2	5	1	1
4014	6	17	-21	-30	0	29	0	2	5	1	1
4014	6	18	-24	-30	0	29	0	2	5	1	1
4014	6	19	-27	-30	0	29	1	2	5	1	1
4014	6	20	-30	-30	0	29	1	2	5	1	1
4014	6	21	-3	-30	0	101	1	3	5	1	1
4014	6	22	-6	-30	0	101	1	3	5	1	1
4014	6	23	-9	-30	0	101	1	3	5	1	1
4014	6	24	-12	-30	0	101	1	3	5	1	1
4014	6	25	-15	-30	0	101	1	3	5	1	1
4014	6	26	-18	-30	0	101	1	3	5	1	1
4014	6	27	-21	-30	0	101	1	3	5	1	1
4014	6	28	-24	-30	0	101	1	3	5	1	1
4014	6	29	-27	-30	0	101	1	3	5	1	1
4014	6	30	-30	-30	0	101	1	3	5	1	1
4014	6	31	-3	-30	0	15	0	4	5	1	1
4014	6	32	-6	-30	0	15	0	4	5	1	1
4014	6	33	-9	-30	0	15	0	4	5	1	1
4014	6	34	-12	-30	0	15	0	4	5	1	1
4014	6	35	-15	-30	0	15	0	4	5	1	1
4014	6	36	-18	-30	0	15	0	4	5	1	1
4014	6	37	-21	-30	0	15	0	4	5	1	1
4014	6	38	-24	-30	0	15	0	4	5	1	1
4014	6	39	-27	-30	0	15	1	4	5	1	1
4014	6	40	-30	-30	0	15	1	4	5	1	1
4014	6	41	-3	-30	0	7	0	5	5	1	1
4014	6	42	-6	-30	0	7	0	5	5	1	1
4014	6	43	-9	-30	0	7	0	5	5	1	1
4014	6	44	-12	-30	0	7	0	5	5	1	1
4014	6	45	-15	-30	0	7	0	5	5	1	1
4014	6	46	-18	-30	0	7	0	5	5	1	1
4014	6	47	-21	-30	0	7	0	5	5	1	1
4014	6	48	-24	-30	0	7	0	5	5	1	1
4014	6	49	-27	-30	0	7	1	5	5	1	1
4014	6	50	-30	-30	0	7	1	5	5	1	1
4015	7	1	-3	-30	0	101	1	1	6	1	1
4015	7	2	-6	-30	0	101	0	1	6	1	1
4015	7	3	-9	-30	0	101	0	1	6	1	1
4015	7	4	-12	-30	0	101	0	1	6	1	1
4015	7	5	-15	-30	0	101	0	1	6	1	1
4015	7	6	-18	-30	0	101	0	1	6	1	1
4015	7	7	-21	-30	0	101	1	1	6	1	1
4015	7	8	-24	-30	0	101	1	1	6	1	1
4015	7	9	-27	-30	0	101	1	1	6	1	1
4015	7	10	-30	-30	0	101	1	1	6	1	1
4015	7	11	-3	-30	0	56	0	2	6	1	1
4015	7	12	-6	-30	0	56	0	2	6	1	1
4015	7	13	-9	-30	0	56	0	2	6	1	1
4015	7	14	-12	-30	0	56	0	2	6	1	1
4015	7	15	-15	-30	0	56	0	2	6	1	1
4015	7	16	-18	-30	0	56	1	2	6	1	1
4015	7	17	-21	-30	0	56	1	2	6	1	1
4015	7	18	-24	-30	0	56	1	2	6	1	1
4015	7	19	-27	-30	0	56	1	2	6	1	1
4015	7	20	-30	-30	0	56	1	2	6	1	1
4015	7	21	-3	-30	0	7	0	3	6	1	1
4015	7	22	-6	-30	0	7	0	3	6	1	1
4015	7	23	-9	-30	0	7	0	3	6	1	1
4015	7	24	-12	-30	0	7	0	3	6	1	1
4015	7	25	-15	-30	0	7	0	3	6	1	1
4015	7	26	-18	-30	0	7	0	3	6	1	1
4015	7	27	-21	-30	0	7	0	3	6	1	1
4015	7	28	-24	-30	0	7	0	3	6	1	1
4015	7	29	-27	-30	0	7	0	3	6	1	1
4015	7	30	-30	-30	0	7	1	3	6	1	1
4015	7	31	-3	-30	0	29	0	4	6	1	1
4015	7	32	-6	-30	0	29	0	4	6	1	1
4015	7	33	-9	-30	0	29	0	4	6	1	1
4015	7	34	-12	-30	0	29	0	4	6	1	1
4015	7	35	-15	-30	0	29	0	4	6	1	1
4015	7	36	-18	-30	0	29	0	4	6	1	1
4015	7	37	-21	-30	0	29	1	4	6	1	1
4015	7	38	-24	-30	0	29	1	4	6	1	1
4015	7	39	-27	-30	0	29	1	4	6	1	1
4015	7	40	-30	-30	0	29	1	4	6	1	1
4015	7	41	-3	-30	0	15	0	5	6	1	1
4015	7	42	-6	-30	0	15	0	5	6	1	1
4015	7	43	-9	-30	0	15	0	5	6	1	1
4015	7	44	-12	-30	0	15	0	5	6	1	1
4015	7	45	-15	-30	0	15	0	5	6	1	1
4015	7	46	-18	-30	0	15	0	5	6	1	1
4015	7	47	-21	-30	0	15	0	5	6	1	1
4015	7	48	-24	-30	0	15	0	5	6	1	1
4015	7	49	-27	-30	0	15	0	5	6	1	1
4015	7	50	-30	-30	0	15	1	5	6	1	1
4016	8	1	-30	-30	0	7	1	1	7	1	1
4016	8	2	-27	-30	0	7	1	1	7	1	1
4016	8	3	-24	-30	0	7	0	1	7	1	1
4016	8	4	-21	-30	0	7	0	1	7	1	1
4016	8	5	-18	-30	0	7	0	1	7	1	1
4016	8	6	-15	-30	0	7	0	1	7	1	1
4016	8	7	-12	-30	0	7	0	1	7	1	1
4016	8	8	-9	-30	0	7	0	1	7	1	1
4016	8	9	-6	-30	0	7	0	1	7	1	1
4016	8	10	-3	-30	0	7	0	1	7	1	1
4016	8	11	-30	-30	0	101	1	2	7	1	1
4016	8	12	-27	-30	0	101	0	2	7	1	1
4016	8	13	-24	-30	0	101	0	2	7	1	1
4016	8	14	-21	-30	0	101	0	2	7	1	1
4016	8	15	-18	-30	0	101	0	2	7	1	1
4016	8	16	-15	-30	0	101	0	2	7	1	1
4016	8	17	-12	-30	0	101	0	2	7	1	1
4016	8	18	-9	-30	0	101	0	2	7	1	1
4016	8	19	-6	-30	0	101	0	2	7	1	1
4016	8	20	-3	-30	0	101	0	2	7	1	1
4016	8	21	-30	-30	0	15	1	3	7	1	1
4016	8	22	-27	-30	0	15	0	3	7	1	1
4016	8	23	-24	-30	0	15	0	3	7	1	1
4016	8	24	-21	-30	0	15	0	3	7	1	1
4016	8	25	-18	-30	0	15	0	3	7	1	1
4016	8	26	-15	-30	0	15	0	3	7	1	1
4016	8	27	-12	-30	0	15	0	3	7	1	1
4016	8	28	-9	-30	0	15	0	3	7	1	1
4016	8	29	-6	-30	0	15	0	3	7	1	1
4016	8	30	-3	-30	0	15	0	3	7	1	1
4016	8	31	-30	-30	0	56	1	4	7	1	1
4016	8	32	-27	-30	0	56	0	4	7	1	1
4016	8	33	-24	-30	0	56	1	4	7	1	1
4016	8	34	-21	-30	0	56	1	4	7	1	1
4016	8	35	-18	-30	0	56	0	4	7	1	1
4016	8	36	-15	-30	0	56	1	4	7	1	1
4016	8	37	-12	-30	0	56	0	4	7	1	1
4016	8	38	-9	-30	0	56	0	4	7	1	1
4016	8	39	-6	-30	0	56	0	4	7	1	1
4016	8	40	-3	-30	0	56	1	4	7	1	1
4016	8	41	-30	-30	0	29	1	5	7	1	1
4016	8	42	-27	-30	0	29	0	5	7	1	1
4016	8	43	-24	-30	0	29	1	5	7	1	1
4016	8	44	-21	-30	0	29	1	5	7	1	1
4016	8	45	-18	-30	0	29	1	5	7	1	1
4016	8	46	-15	-30	0	29	0	5	7	1	1
4016	8	47	-12	-30	0	29	0	5	7	1	1
4016	8	48	-9	-30	0	29	1	5	7	1	1
4016	8	49	-6	-30	0	29	1	5	7	1	1
4016	8	50	-3	-30	0	29	1	5	7	1	1
4018	9	1	-30	-30	0	15	1	1	8	1	1
4018	9	2	-27	-30	0	15	0	1	8	1	1
4018	9	3	-24	-30	0	15	0	1	8	1	1
4018	9	4	-21	-30	0	15	0	1	8	1	1
4018	9	5	-18	-30	0	15	0	1	8	1	1
4018	9	6	-15	-30	0	15	0	1	8	1	1
4018	9	7	-12	-30	0	15	0	1	8	1	1
4018	9	8	-9	-30	0	15	0	1	8	1	1
4018	9	9	-6	-30	0	15	0	1	8	1	1
4018	9	10	-3	-30	0	15	0	1	8	1	1
4018	9	11	-30	-30	0	7	1	2	8	1	1
4018	9	12	-27	-30	0	7	0	2	8	1	1
4018	9	13	-24	-30	0	7	0	2	8	1	1
4018	9	14	-21	-30	0	7	0	2	8	1	1
4018	9	15	-18	-30	0	7	0	2	8	1	1
4018	9	16	-15	-30	0	7	0	2	8	1	1
4018	9	17	-12	-30	0	7	0	2	8	1	1
4018	9	18	-9	-30	0	7	0	2	8	1	1
4018	9	19	-6	-30	0	7	0	2	8	1	1
4018	9	20	-3	-30	0	7	0	2	8	1	1
4018	9	21	-30	-30	0	29	1	3	8	1	1
4018	9	22	-27	-30	0	29	1	3	8	1	1
4018	9	23	-24	-30	0	29	1	3	8	1	1
4018	9	24	-21	-30	0	29	1	3	8	1	1
4018	9	25	-18	-30	0	29	1	3	8	1	1
4018	9	26	-15	-30	0	29	1	3	8	1	1
4018	9	27	-12	-30	0	29	0	3	8	1	1
4018	9	28	-9	-30	0	29	1	3	8	1	1
4018	9	29	-6	-30	0	29	0	3	8	1	1
4018	9	30	-3	-30	0	29	0	3	8	1	1
4018	9	31	-30	-30	0	101	1	4	8	1	1
4018	9	32	-27	-30	0	101	1	4	8	1	1
4018	9	33	-24	-30	0	101	1	4	8	1	1
4018	9	34	-21	-30	0	101	1	4	8	1	1
4018	9	35	-18	-30	0	101	1	4	8	1	1
4018	9	36	-15	-30	0	101	1	4	8	1	1
4018	9	37	-12	-30	0	101	1	4	8	1	1
4018	9	38	-9	-30	0	101	1	4	8	1	1
4018	9	39	-6	-30	0	101	1	4	8	1	1
4018	9	40	-3	-30	0	101	1	4	8	1	1
4018	9	41	-30	-30	0	56	1	5	8	1	1
4018	9	42	-27	-30	0	56	1	5	8	1	1
4018	9	43	-24	-30	0	56	1	5	8	1	1
4018	9	44	-21	-30	0	56	1	5	8	1	1
4018	9	45	-18	-30	0	56	1	5	8	1	1
4018	9	46	-15	-30	0	56	1	5	8	1	1
4018	9	47	-12	-30	0	56	1	5	8	1	1
4018	9	48	-9	-30	0	56	1	5	8	1	1
4018	9	49	-6	-30	0	56	1	5	8	1	1
4018	9	50	-3	-30	0	56	1	5	8	1	1
4019	10	1	-3	-30	0	29	0	1	9	1	1
4019	10	2	-6	-30	0	29	0	1	9	1	1
4019	10	3	-9	-30	0	29	0	1	9	1	1
4019	10	4	-12	-30	0	29	0	1	9	1	1
4019	10	5	-15	-30	0	29	0	1	9	1	1
4019	10	6	-18	-30	0	29	0	1	9	1	1
4019	10	7	-21	-30	0	29	1	1	9	1	1
4019	10	8	-24	-30	0	29	0	1	9	1	1
4019	10	9	-27	-30	0	29	0	1	9	1	1
4019	10	10	-30	-30	0	29	1	1	9	1	1
4019	10	11	-3	-30	0	15	0	2	9	1	1
4019	10	12	-6	-30	0	15	0	2	9	1	1
4019	10	13	-9	-30	0	15	0	2	9	1	1
4019	10	14	-12	-30	0	15	0	2	9	1	1
4019	10	15	-15	-30	0	15	0	2	9	1	1
4019	10	16	-18	-30	0	15	0	2	9	1	1
4019	10	17	-21	-30	0	15	1	2	9	1	1
4019	10	18	-24	-30	0	15	0	2	9	1	1
4019	10	19	-27	-30	0	15	1	2	9	1	1
4019	10	20	-30	-30	0	15	1	2	9	1	1
4019	10	21	-3	-30	0	56	1	3	9	1	1
4019	10	22	-6	-30	0	56	0	3	9	1	1
4019	10	23	-9	-30	0	56	1	3	9	1	1
4019	10	24	-12	-30	0	56	1	3	9	1	1
4019	10	25	-15	-30	0	56	1	3	9	1	1
4019	10	26	-18	-30	0	56	1	3	9	1	1
4019	10	27	-21	-30	0	56	1	3	9	1	1
4019	10	28	-24	-30	0	56	1	3	9	1	1
4019	10	29	-27	-30	0	56	1	3	9	1	1
4019	10	30	-30	-30	0	56	1	3	9	1	1
4019	10	31	-3	-30	0	7	0	4	9	1	1
4019	10	32	-6	-30	0	7	0	4	9	1	1
4019	10	33	-9	-30	0	7	0	4	9	1	1
4019	10	34	-12	-30	0	7	0	4	9	1	1
4019	10	35	-15	-30	0	7	0	4	9	1	1
4019	10	36	-18	-30	0	7	0	4	9	1	1
4019	10	37	-21	-30	0	7	1	4	9	1	1
4019	10	38	-24	-30	0	7	0	4	9	1	1
4019	10	39	-27	-30	0	7	1	4	9	1	1
4019	10	40	-30	-30	0	7	1	4	9	1	1
4019	10	41	-3	-30	0	101	0	5	9	1	1
4019	10	42	-6	-30	0	101	1	5	9	1	1
4019	10	43	-9	-30	0	101	1	5	9	1	1
4019	10	44	-12	-30	0	101	1	5	9	1	1
4019	10	45	-15	-30	0	101	1	5	9	1	1
4019	10	46	-18	-30	0	101	1	5	9	1	1
4019	10	47	-21	-30	0	101	1	5	9	1	1
4019	10	48	-24	-30	0	101	1	5	9	1	1
4019	10	49	-27	-30	0	101	1	5	9	1	1
4019	10	50	-30	-30	0	101	1	5	9	1	1
4025	1	1	-3	-30	0	7	0	1	10	1	1
4025	1	2	-6	-30	0	7	0	1	10	1	1
4025	1	3	-9	-30	0	7	0	1	10	1	1
4025	1	4	-12	-30	0	7	0	1	10	1	1
4025	1	5	-15	-30	0	7	0	1	10	1	1
4025	1	6	-18	-30	0	7	0	1	10	1	1
4025	1	7	-21	-30	0	7	0	1	10	1	1
4025	1	8	-24	-30	0	7	1	1	10	1	1
4025	1	9	-27	-30	0	7	1	1	10	1	1
4025	1	10	-30	-30	0	7	0	1	10	1	1
4025	1	11	-3	-30	0	15	0	2	10	1	1
4025	1	12	-6	-30	0	15	0	2	10	1	1
4025	1	13	-9	-30	0	15	0	2	10	1	1
4025	1	14	-12	-30	0	15	0	2	10	1	1
4025	1	15	-15	-30	0	15	0	2	10	1	1
4025	1	16	-18	-30	0	15	0	2	10	1	1
4025	1	17	-21	-30	0	15	1	2	10	1	1
4025	1	18	-24	-30	0	15	1	2	10	1	1
4025	1	19	-27	-30	0	15	1	2	10	1	1
4025	1	20	-30	-30	0	15	1	2	10	1	1
4025	1	21	-3	-30	0	101	0	3	10	1	1
4025	1	22	-6	-30	0	101	0	3	10	1	1
4025	1	23	-9	-30	0	101	0	3	10	1	1
4025	1	24	-12	-30	0	101	0	3	10	1	1
4025	1	25	-15	-30	0	101	1	3	10	1	1
4025	1	26	-18	-30	0	101	1	3	10	1	1
4025	1	27	-21	-30	0	101	1	3	10	1	1
4025	1	28	-24	-30	0	101	1	3	10	1	1
4025	1	29	-27	-30	0	101	1	3	10	1	1
4025	1	30	-30	-30	0	101	1	3	10	1	1
4025	1	31	-3	-30	0	29	0	4	10	1	1
4025	1	32	-6	-30	0	29	0	4	10	1	1
4025	1	33	-9	-30	0	29	0	4	10	1	1
4025	1	34	-12	-30	0	29	0	4	10	1	1
4025	1	35	-15	-30	0	29	0	4	10	1	1
4025	1	36	-18	-30	0	29	0	4	10	1	1
4025	1	37	-21	-30	0	29	0	4	10	1	1
4025	1	38	-24	-30	0	29	0	4	10	1	1
4025	1	39	-27	-30	0	29	0	4	10	1	1
4025	1	40	-30	-30	0	29	0	4	10	1	1
4025	1	41	-3	-30	0	56	0	5	10	1	1
4025	1	42	-6	-30	0	56	0	5	10	1	1
4025	1	43	-9	-30	0	56	0	5	10	1	1
4025	1	44	-12	-30	0	56	0	5	10	1	1
4025	1	45	-15	-30	0	56	0	5	10	1	1
4025	1	46	-18	-30	0	56	0	5	10	1	1
4025	1	47	-21	-30	0	56	1	5	10	1	1
4025	1	48	-24	-30	0	56	1	5	10	1	1
4025	1	49	-27	-30	0	56	1	5	10	1	1
4025	1	50	-30	-30	0	56	1	5	10	1	1
4026	2	1	-30	-30	0	15	1	1	11	1	1
4026	2	2	-27	-30	0	15	0	1	11	1	1
4026	2	3	-24	-30	0	15	0	1	11	1	1
4026	2	4	-21	-30	0	15	0	1	11	1	1
4026	2	5	-18	-30	0	15	0	1	11	1	1
4026	2	6	-15	-30	0	15	0	1	11	1	1
4026	2	7	-12	-30	0	15	1	1	11	1	1
4026	2	8	-9	-30	0	15	0	1	11	1	1
4026	2	9	-6	-30	0	15	0	1	11	1	1
4026	2	10	-3	-30	0	15	0	1	11	1	1
4026	2	11	-30	-30	0	29	1	2	11	1	1
4026	2	12	-27	-30	0	29	1	2	11	1	1
4026	2	13	-24	-30	0	29	1	2	11	1	1
4026	2	14	-21	-30	0	29	1	2	11	1	1
4026	2	15	-18	-30	0	29	0	2	11	1	1
4026	2	16	-15	-30	0	29	1	2	11	1	1
4026	2	17	-12	-30	0	29	1	2	11	1	1
4026	2	18	-9	-30	0	29	1	2	11	1	1
4026	2	19	-6	-30	0	29	0	2	11	1	1
4026	2	20	-3	-30	0	29	0	2	11	1	1
4026	2	21	-30	-30	0	7	1	3	11	1	1
4026	2	22	-27	-30	0	7	1	3	11	1	1
4026	2	23	-24	-30	0	7	0	3	11	1	1
4026	2	24	-21	-30	0	7	1	3	11	1	1
4026	2	25	-18	-30	0	7	1	3	11	1	1
4026	2	26	-15	-30	0	7	0	3	11	1	1
4026	2	27	-12	-30	0	7	0	3	11	1	1
4026	2	28	-9	-30	0	7	0	3	11	1	1
4026	2	29	-6	-30	0	7	0	3	11	1	1
4026	2	30	-3	-30	0	7	1	3	11	1	1
4026	2	31	-30	-30	0	56	1	4	11	1	1
4026	2	32	-27	-30	0	56	1	4	11	1	1
4026	2	33	-24	-30	0	56	1	4	11	1	1
4026	2	34	-21	-30	0	56	1	4	11	1	1
4026	2	35	-18	-30	0	56	1	4	11	1	1
4026	2	36	-15	-30	0	56	1	4	11	1	1
4026	2	37	-12	-30	0	56	1	4	11	1	1
4026	2	38	-9	-30	0	56	1	4	11	1	1
4026	2	39	-6	-30	0	56	0	4	11	1	1
4026	2	40	-3	-30	0	56	1	4	11	1	1
4026	2	41	-30	-30	0	101	1	5	11	1	1
4026	2	42	-27	-30	0	101	1	5	11	1	1
4026	2	43	-24	-30	0	101	1	5	11	1	1
4026	2	44	-21	-30	0	101	1	5	11	1	1
4026	2	45	-18	-30	0	101	1	5	11	1	1
4026	2	46	-15	-30	0	101	1	5	11	1	1
4026	2	47	-12	-30	0	101	1	5	11	1	1
4026	2	48	-9	-30	0	101	1	5	11	1	1
4026	2	49	-6	-30	0	101	1	5	11	1	1
4026	2	50	-3	-30	0	101	0	5	11	1	1
4029	3	1	-30	-30	0	29	1	1	12	1	1
4029	3	2	-27	-30	0	29	0	1	12	1	1
4029	3	3	-24	-30	0	29	0	1	12	1	1
4029	3	4	-21	-30	0	29	0	1	12	1	1
4029	3	5	-18	-30	0	29	0	1	12	1	1
4029	3	6	-15	-30	0	29	0	1	12	1	1
4029	3	7	-12	-30	0	29	0	1	12	1	1
4029	3	8	-9	-30	0	29	0	1	12	1	1
4029	3	9	-6	-30	0	29	0	1	12	1	1
4029	3	10	-3	-30	0	29	0	1	12	1	1
4029	3	11	-30	-30	0	56	1	2	12	1	1
4029	3	12	-27	-30	0	56	1	2	12	1	1
4029	3	13	-24	-30	0	56	1	2	12	1	1
4029	3	14	-21	-30	0	56	0	2	12	1	1
4029	3	15	-18	-30	0	56	0	2	12	1	1
4029	3	16	-15	-30	0	56	0	2	12	1	1
4029	3	17	-12	-30	0	56	0	2	12	1	1
4029	3	18	-9	-30	0	56	0	2	12	1	1
4029	3	19	-6	-30	0	56	0	2	12	1	1
4029	3	20	-3	-30	0	56	0	2	12	1	1
4029	3	21	-30	-30	0	15	1	3	12	1	1
4029	3	22	-27	-30	0	15	1	3	12	1	1
4029	3	23	-24	-30	0	15	1	3	12	1	1
4029	3	24	-21	-30	0	15	0	3	12	1	1
4029	3	25	-18	-30	0	15	0	3	12	1	1
4029	3	26	-15	-30	0	15	0	3	12	1	1
4029	3	27	-12	-30	0	15	0	3	12	1	1
4029	3	28	-9	-30	0	15	0	3	12	1	1
4029	3	29	-6	-30	0	15	0	3	12	1	1
4029	3	30	-3	-30	0	15	0	3	12	1	1
4029	3	31	-30	-30	0	101	1	4	12	1	1
4029	3	32	-27	-30	0	101	1	4	12	1	1
4029	3	33	-24	-30	0	101	1	4	12	1	1
4029	3	34	-21	-30	0	101	1	4	12	1	1
4029	3	35	-18	-30	0	101	0	4	12	1	1
4029	3	36	-15	-30	0	101	0	4	12	1	1
4029	3	37	-12	-30	0	101	0	4	12	1	1
4029	3	38	-9	-30	0	101	0	4	12	1	1
4029	3	39	-6	-30	0	101	0	4	12	1	1
4029	3	40	-3	-30	0	101	0	4	12	1	1
4029	3	41	-30	-30	0	7	1	5	12	1	1
4029	3	42	-27	-30	0	7	0	5	12	1	1
4029	3	43	-24	-30	0	7	0	5	12	1	1
4029	3	44	-21	-30	0	7	0	5	12	1	1
4029	3	45	-18	-30	0	7	0	5	12	1	1
4029	3	46	-15	-30	0	7	0	5	12	1	1
4029	3	47	-12	-30	0	7	0	5	12	1	1
4029	3	48	-9	-30	0	7	0	5	12	1	1
4029	3	49	-6	-30	0	7	0	5	12	1	1
4029	3	50	-3	-30	0	7	0	5	12	1	1
4031	5	1	-3	-30	0	101	0	1	13	1	1
4031	5	2	-6	-30	0	101	1	1	13	1	1
4031	5	3	-9	-30	0	101	0	1	13	1	1
4031	5	4	-12	-30	0	101	0	1	13	1	1
4031	5	5	-15	-30	0	101	1	1	13	1	1
4031	5	6	-18	-30	0	101	0	1	13	1	1
4031	5	7	-21	-30	0	101	0	1	13	1	1
4031	5	8	-24	-30	0	101	0	1	13	1	1
4031	5	9	-27	-30	0	101	0	1	13	1	1
4031	5	10	-30	-30	0	101	1	1	13	1	1
4031	5	11	-3	-30	0	7	0	2	13	1	1
4031	5	12	-6	-30	0	7	0	2	13	1	1
4031	5	13	-9	-30	0	7	0	2	13	1	1
4031	5	14	-12	-30	0	7	0	2	13	1	1
4031	5	15	-15	-30	0	7	0	2	13	1	1
4031	5	16	-18	-30	0	7	0	2	13	1	1
4031	5	17	-21	-30	0	7	0	2	13	1	1
4031	5	18	-24	-30	0	7	0	2	13	1	1
4031	5	19	-27	-30	0	7	0	2	13	1	1
4031	5	20	-30	-30	0	7	1	2	13	1	1
4031	5	21	-3	-30	0	56	0	3	13	1	1
4031	5	22	-6	-30	0	56	0	3	13	1	1
4031	5	23	-9	-30	0	56	0	3	13	1	1
4031	5	24	-12	-30	0	56	0	3	13	1	1
4031	5	25	-15	-30	0	56	0	3	13	1	1
4031	5	26	-18	-30	0	56	0	3	13	1	1
4031	5	27	-21	-30	0	56	0	3	13	1	1
4031	5	28	-24	-30	0	56	0	3	13	1	1
4031	5	29	-27	-30	0	56	0	3	13	1	1
4031	5	30	-30	-30	0	56	1	3	13	1	1
4031	5	31	-3	-30	0	15	0	4	13	1	1
4031	5	32	-6	-30	0	15	0	4	13	1	1
4031	5	33	-9	-30	0	15	0	4	13	1	1
4031	5	34	-12	-30	0	15	0	4	13	1	1
4031	5	35	-15	-30	0	15	0	4	13	1	1
4031	5	36	-18	-30	0	15	0	4	13	1	1
4031	5	37	-21	-30	0	15	0	4	13	1	1
4031	5	38	-24	-30	0	15	0	4	13	1	1
4031	5	39	-27	-30	0	15	0	4	13	1	1
4031	5	40	-30	-30	0	15	1	4	13	1	1
4031	5	41	-3	-30	0	29	0	5	13	1	1
4031	5	42	-6	-30	0	29	0	5	13	1	1
4031	5	43	-9	-30	0	29	0	5	13	1	1
4031	5	44	-12	-30	0	29	1	5	13	1	1
4031	5	45	-15	-30	0	29	0	5	13	1	1
4031	5	46	-18	-30	0	29	0	5	13	1	1
4031	5	47	-21	-30	0	29	0	5	13	1	1
4031	5	48	-24	-30	0	29	1	5	13	1	1
4031	5	49	-27	-30	0	29	1	5	13	1	1
4031	5	50	-30	-30	0	29	1	5	13	1	1
4032	6	1	-30	-30	0	56	1	1	14	1	1
4032	6	2	-27	-30	0	56	0	1	14	1	1
4032	6	3	-24	-30	0	56	0	1	14	1	1
4032	6	4	-21	-30	0	56	0	1	14	1	1
4032	6	5	-18	-30	0	56	0	1	14	1	1
4032	6	6	-15	-30	0	56	0	1	14	1	1
4032	6	7	-12	-30	0	56	0	1	14	1	1
4032	6	8	-9	-30	0	56	0	1	14	1	1
4032	6	9	-6	-30	0	56	0	1	14	1	1
4032	6	10	-3	-30	0	56	0	1	14	1	1
4032	6	11	-30	-30	0	29	1	2	14	1	1
4032	6	12	-27	-30	0	29	1	2	14	1	1
4032	6	13	-24	-30	0	29	1	2	14	1	1
4032	6	14	-21	-30	0	29	0	2	14	1	1
4032	6	15	-18	-30	0	29	0	2	14	1	1
4032	6	16	-15	-30	0	29	0	2	14	1	1
4032	6	17	-12	-30	0	29	0	2	14	1	1
4032	6	18	-9	-30	0	29	0	2	14	1	1
4032	6	19	-6	-30	0	29	0	2	14	1	1
4032	6	20	-3	-30	0	29	0	2	14	1	1
4032	6	21	-30	-30	0	101	1	3	14	1	1
4032	6	22	-27	-30	0	101	1	3	14	1	1
4032	6	23	-24	-30	0	101	1	3	14	1	1
4032	6	24	-21	-30	0	101	1	3	14	1	1
4032	6	25	-18	-30	0	101	1	3	14	1	1
4032	6	26	-15	-30	0	101	1	3	14	1	1
4032	6	27	-12	-30	0	101	0	3	14	1	1
4032	6	28	-9	-30	0	101	0	3	14	1	1
4032	6	29	-6	-30	0	101	0	3	14	1	1
4032	6	30	-3	-30	0	101	0	3	14	1	1
4032	6	31	-30	-30	0	15	1	4	14	1	1
4032	6	32	-27	-30	0	15	1	4	14	1	1
4032	6	33	-24	-30	0	15	1	4	14	1	1
4032	6	34	-21	-30	0	15	0	4	14	1	1
4032	6	35	-18	-30	0	15	0	4	14	1	1
4032	6	36	-15	-30	0	15	0	4	14	1	1
4032	6	37	-12	-30	0	15	0	4	14	1	1
4032	6	38	-9	-30	0	15	0	4	14	1	1
4032	6	39	-6	-30	0	15	0	4	14	1	1
4032	6	40	-3	-30	0	15	0	4	14	1	1
4032	6	41	-30	-30	0	7	1	5	14	1	1
4032	6	42	-27	-30	0	7	1	5	14	1	1
4032	6	43	-24	-30	0	7	0	5	14	1	1
4032	6	44	-21	-30	0	7	0	5	14	1	1
4032	6	45	-18	-30	0	7	0	5	14	1	1
4032	6	46	-15	-30	0	7	0	5	14	1	1
4032	6	47	-12	-30	0	7	0	5	14	1	1
4032	6	48	-9	-30	0	7	0	5	14	1	1
4032	6	49	-6	-30	0	7	0	5	14	1	1
4032	6	50	-3	-30	0	7	0	5	14	1	1
4035	7	1	-30	-30	0	101	1	1	15	1	1
4035	7	2	-27	-30	0	101	0	1	15	1	1
4035	7	3	-24	-30	0	101	1	1	15	1	1
4035	7	4	-21	-30	0	101	0	1	15	1	1
4035	7	5	-18	-30	0	101	0	1	15	1	1
4035	7	6	-15	-30	0	101	0	1	15	1	1
4035	7	7	-12	-30	0	101	0	1	15	1	1
4035	7	8	-9	-30	0	101	0	1	15	1	1
4035	7	9	-6	-30	0	101	0	1	15	1	1
4035	7	10	-3	-30	0	101	0	1	15	1	1
4035	7	11	-30	-30	0	56	1	2	15	1	1
4035	7	12	-27	-30	0	56	0	2	15	1	1
4035	7	13	-24	-30	0	56	0	2	15	1	1
4035	7	14	-21	-30	0	56	0	2	15	1	1
4035	7	15	-18	-30	0	56	0	2	15	1	1
4035	7	16	-15	-30	0	56	0	2	15	1	1
4035	7	17	-12	-30	0	56	0	2	15	1	1
4035	7	18	-9	-30	0	56	0	2	15	1	1
4035	7	19	-6	-30	0	56	0	2	15	1	1
4035	7	20	-3	-30	0	56	0	2	15	1	1
4035	7	21	-30	-30	0	7	1	3	15	1	1
4035	7	22	-27	-30	0	7	0	3	15	1	1
4035	7	23	-24	-30	0	7	0	3	15	1	1
4035	7	24	-21	-30	0	7	0	3	15	1	1
4035	7	25	-18	-30	0	7	0	3	15	1	1
4035	7	26	-15	-30	0	7	0	3	15	1	1
4035	7	27	-12	-30	0	7	0	3	15	1	1
4035	7	28	-9	-30	0	7	0	3	15	1	1
4035	7	29	-6	-30	0	7	0	3	15	1	1
4035	7	30	-3	-30	0	7	0	3	15	1	1
4035	7	31	-30	-30	0	29	1	4	15	1	1
4035	7	32	-27	-30	0	29	1	4	15	1	1
4035	7	33	-24	-30	0	29	0	4	15	1	1
4035	7	34	-21	-30	0	29	1	4	15	1	1
4035	7	35	-18	-30	0	29	1	4	15	1	1
4035	7	36	-15	-30	0	29	0	4	15	1	1
4035	7	37	-12	-30	0	29	0	4	15	1	1
4035	7	38	-9	-30	0	29	0	4	15	1	1
4035	7	39	-6	-30	0	29	1	4	15	1	1
4035	7	40	-3	-30	0	29	1	4	15	1	1
4035	7	41	-30	-30	0	15	1	5	15	1	1
4035	7	42	-27	-30	0	15	0	5	15	1	1
4035	7	43	-24	-30	0	15	1	5	15	1	1
4035	7	44	-21	-30	0	15	1	5	15	1	1
4035	7	45	-18	-30	0	15	1	5	15	1	1
4035	7	46	-15	-30	0	15	0	5	15	1	1
4035	7	47	-12	-30	0	15	0	5	15	1	1
4035	7	48	-9	-30	0	15	1	5	15	1	1
4035	7	49	-6	-30	0	15	1	5	15	1	1
4035	7	50	-3	-30	0	15	0	5	15	1	1
4036	8	1	-3	-30	0	7	0	1	16	1	1
4036	8	2	-6	-30	0	7	0	1	16	1	1
4036	8	3	-9	-30	0	7	0	1	16	1	1
4036	8	4	-12	-30	0	7	0	1	16	1	1
4036	8	5	-15	-30	0	7	0	1	16	1	1
4036	8	6	-18	-30	0	7	0	1	16	1	1
4036	8	7	-21	-30	0	7	0	1	16	1	1
4036	8	8	-24	-30	0	7	0	1	16	1	1
4036	8	9	-27	-30	0	7	1	1	16	1	1
4036	8	10	-30	-30	0	7	1	1	16	1	1
4036	8	11	-3	-30	0	101	0	2	16	1	1
4036	8	12	-6	-30	0	101	0	2	16	1	1
4036	8	13	-9	-30	0	101	0	2	16	1	1
4036	8	14	-12	-30	0	101	0	2	16	1	1
4036	8	15	-15	-30	0	101	0	2	16	1	1
4036	8	16	-18	-30	0	101	0	2	16	1	1
4036	8	17	-21	-30	0	101	0	2	16	1	1
4036	8	18	-24	-30	0	101	1	2	16	1	1
4036	8	19	-27	-30	0	101	1	2	16	1	1
4036	8	20	-30	-30	0	101	1	2	16	1	1
4036	8	21	-3	-30	0	15	0	3	16	1	1
4036	8	22	-6	-30	0	15	0	3	16	1	1
4036	8	23	-9	-30	0	15	0	3	16	1	1
4036	8	24	-12	-30	0	15	0	3	16	1	1
4036	8	25	-15	-30	0	15	0	3	16	1	1
4036	8	26	-18	-30	0	15	0	3	16	1	1
4036	8	27	-21	-30	0	15	0	3	16	1	1
4036	8	28	-24	-30	0	15	0	3	16	1	1
4036	8	29	-27	-30	0	15	0	3	16	1	1
4036	8	30	-30	-30	0	15	0	3	16	1	1
4036	8	31	-3	-30	0	56	0	4	16	1	1
4036	8	32	-6	-30	0	56	0	4	16	1	1
4036	8	33	-9	-30	0	56	0	4	16	1	1
4036	8	34	-12	-30	0	56	0	4	16	1	1
4036	8	35	-15	-30	0	56	0	4	16	1	1
4036	8	36	-18	-30	0	56	0	4	16	1	1
4036	8	37	-21	-30	0	56	0	4	16	1	1
4036	8	38	-24	-30	0	56	1	4	16	1	1
4036	8	39	-27	-30	0	56	1	4	16	1	1
4036	8	40	-30	-30	0	56	1	4	16	1	1
4036	8	41	-3	-30	0	29	0	5	16	1	1
4036	8	42	-6	-30	0	29	0	5	16	1	1
4036	8	43	-9	-30	0	29	0	5	16	1	1
4036	8	44	-12	-30	0	29	0	5	16	1	1
4036	8	45	-15	-30	0	29	0	5	16	1	1
4036	8	46	-18	-30	0	29	0	5	16	1	1
4036	8	47	-21	-30	0	29	0	5	16	1	1
4036	8	48	-24	-30	0	29	0	5	16	1	1
4036	8	49	-27	-30	0	29	1	5	16	1	1
4036	8	50	-30	-30	0	29	1	5	16	1	1
4039	9	1	-3	-30	0	15	0	1	17	1	1
4039	9	2	-6	-30	0	15	0	1	17	1	1
4039	9	3	-9	-30	0	15	0	1	17	1	1
4039	9	4	-12	-30	0	15	0	1	17	1	1
4039	9	5	-15	-30	0	15	0	1	17	1	1
4039	9	6	-18	-30	0	15	0	1	17	1	1
4039	9	7	-21	-30	0	15	0	1	17	1	1
4039	9	8	-24	-30	0	15	0	1	17	1	1
4039	9	9	-27	-30	0	15	0	1	17	1	1
4039	9	10	-30	-30	0	15	1	1	17	1	1
4039	9	11	-3	-30	0	7	0	2	17	1	1
4039	9	12	-6	-30	0	7	0	2	17	1	1
4039	9	13	-9	-30	0	7	0	2	17	1	1
4039	9	14	-12	-30	0	7	0	2	17	1	1
4039	9	15	-15	-30	0	7	0	2	17	1	1
4039	9	16	-18	-30	0	7	0	2	17	1	1
4039	9	17	-21	-30	0	7	0	2	17	1	1
4039	9	18	-24	-30	0	7	0	2	17	1	1
4039	9	19	-27	-30	0	7	0	2	17	1	1
4039	9	20	-30	-30	0	7	1	2	17	1	1
4039	9	21	-3	-30	0	29	0	3	17	1	1
4039	9	22	-6	-30	0	29	0	3	17	1	1
4039	9	23	-9	-30	0	29	0	3	17	1	1
4039	9	24	-12	-30	0	29	0	3	17	1	1
4039	9	25	-15	-30	0	29	0	3	17	1	1
4039	9	26	-18	-30	0	29	0	3	17	1	1
4039	9	27	-21	-30	0	29	1	3	17	1	1
4039	9	28	-24	-30	0	29	1	3	17	1	1
4039	9	29	-27	-30	0	29	1	3	17	1	1
4039	9	30	-30	-30	0	29	1	3	17	1	1
4039	9	31	-3	-30	0	101	1	4	17	1	1
4039	9	32	-6	-30	0	101	1	4	17	1	1
4039	9	33	-9	-30	0	101	1	4	17	1	1
4039	9	34	-12	-30	0	101	1	4	17	1	1
4039	9	35	-15	-30	0	101	1	4	17	1	1
4039	9	36	-18	-30	0	101	1	4	17	1	1
4039	9	37	-21	-30	0	101	1	4	17	1	1
4039	9	38	-24	-30	0	101	1	4	17	1	1
4039	9	39	-27	-30	0	101	1	4	17	1	1
4039	9	40	-30	-30	0	101	1	4	17	1	1
4039	9	41	-3	-30	0	56	1	5	17	1	1
4039	9	42	-6	-30	0	56	1	5	17	1	1
4039	9	43	-9	-30	0	56	1	5	17	1	1
4039	9	44	-12	-30	0	56	1	5	17	1	1
4039	9	45	-15	-30	0	56	1	5	17	1	1
4039	9	46	-18	-30	0	56	1	5	17	1	1
4039	9	47	-21	-30	0	56	1	5	17	1	1
4039	9	48	-24	-30	0	56	1	5	17	1	1
4039	9	49	-27	-30	0	56	1	5	17	1	1
4039	9	50	-30	-30	0	56	1	5	17	1	1
4042	1	1	-30	-30	0	7	0	1	18	1	1
4042	1	2	-27	-30	0	7	0	1	18	1	1
4042	1	3	-24	-30	0	7	1	1	18	1	1
4042	1	4	-21	-30	0	7	0	1	18	1	1
4042	1	5	-18	-30	0	7	0	1	18	1	1
4042	1	6	-15	-30	0	7	0	1	18	1	1
4042	1	7	-12	-30	0	7	0	1	18	1	1
4042	1	8	-9	-30	0	7	0	1	18	1	1
4042	1	9	-6	-30	0	7	0	1	18	1	1
4042	1	10	-3	-30	0	7	0	1	18	1	1
4042	1	11	-30	-30	0	15	1	2	18	1	1
4042	1	12	-27	-30	0	15	0	2	18	1	1
4042	1	13	-24	-30	0	15	0	2	18	1	1
4042	1	14	-21	-30	0	15	0	2	18	1	1
4042	1	15	-18	-30	0	15	0	2	18	1	1
4042	1	16	-15	-30	0	15	0	2	18	1	1
4042	1	17	-12	-30	0	15	0	2	18	1	1
4042	1	18	-9	-30	0	15	0	2	18	1	1
4042	1	19	-6	-30	0	15	0	2	18	1	1
4042	1	20	-3	-30	0	15	0	2	18	1	1
4042	1	21	-30	-30	0	101	1	3	18	1	1
4042	1	22	-27	-30	0	101	1	3	18	1	1
4042	1	23	-24	-30	0	101	1	3	18	1	1
4042	1	24	-21	-30	0	101	1	3	18	1	1
4042	1	25	-18	-30	0	101	0	3	18	1	1
4042	1	26	-15	-30	0	101	0	3	18	1	1
4042	1	27	-12	-30	0	101	1	3	18	1	1
4042	1	28	-9	-30	0	101	1	3	18	1	1
4042	1	29	-6	-30	0	101	0	3	18	1	1
4042	1	30	-3	-30	0	101	0	3	18	1	1
4042	1	31	-30	-30	0	29	1	4	18	1	1
4042	1	32	-27	-30	0	29	1	4	18	1	1
4042	1	33	-24	-30	0	29	1	4	18	1	1
4042	1	34	-21	-30	0	29	1	4	18	1	1
4042	1	35	-18	-30	0	29	1	4	18	1	1
4042	1	36	-15	-30	0	29	0	4	18	1	1
4042	1	37	-12	-30	0	29	0	4	18	1	1
4042	1	38	-9	-30	0	29	0	4	18	1	1
4042	1	39	-6	-30	0	29	0	4	18	1	1
4042	1	40	-3	-30	0	29	0	4	18	1	1
4042	1	41	-30	-30	0	56	1	5	18	1	1
4042	1	42	-27	-30	0	56	1	5	18	1	1
4042	1	43	-24	-30	0	56	1	5	18	1	1
4042	1	44	-21	-30	0	56	1	5	18	1	1
4042	1	45	-18	-30	0	56	0	5	18	1	1
4042	1	46	-15	-30	0	56	0	5	18	1	1
4042	1	47	-12	-30	0	56	1	5	18	1	1
4042	1	48	-9	-30	0	56	0	5	18	1	1
4042	1	49	-6	-30	0	56	0	5	18	1	1
4042	1	50	-3	-30	0	56	0	5	18	1	1
4043	2	1	-30	-30	0	15	1	1	19	1	1
4043	2	2	-27	-30	0	15	0	1	19	1	1
4043	2	3	-24	-30	0	15	1	1	19	1	1
4043	2	4	-21	-30	0	15	1	1	19	1	1
4043	2	5	-18	-30	0	15	0	1	19	1	1
4043	2	6	-15	-30	0	15	0	1	19	1	1
4043	2	7	-12	-30	0	15	0	1	19	1	1
4043	2	8	-9	-30	0	15	0	1	19	1	1
4043	2	9	-6	-30	0	15	0	1	19	1	1
4043	2	10	-3	-30	0	15	0	1	19	1	1
4043	2	11	-30	-30	0	29	1	2	19	1	1
4043	2	12	-27	-30	0	29	1	2	19	1	1
4043	2	13	-24	-30	0	29	1	2	19	1	1
4043	2	14	-21	-30	0	29	1	2	19	1	1
4043	2	15	-18	-30	0	29	1	2	19	1	1
4043	2	16	-15	-30	0	29	0	2	19	1	1
4043	2	17	-12	-30	0	29	0	2	19	1	1
4043	2	18	-9	-30	0	29	0	2	19	1	1
4043	2	19	-6	-30	0	29	0	2	19	1	1
4043	2	20	-3	-30	0	29	0	2	19	1	1
4043	2	21	-30	-30	0	7	1	3	19	1	1
4043	2	22	-27	-30	0	7	0	3	19	1	1
4043	2	23	-24	-30	0	7	1	3	19	1	1
4043	2	24	-21	-30	0	7	1	3	19	1	1
4043	2	25	-18	-30	0	7	0	3	19	1	1
4043	2	26	-15	-30	0	7	0	3	19	1	1
4043	2	27	-12	-30	0	7	0	3	19	1	1
4043	2	28	-9	-30	0	7	0	3	19	1	1
4043	2	29	-6	-30	0	7	0	3	19	1	1
4043	2	30	-3	-30	0	7	0	3	19	1	1
4043	2	31	-30	-30	0	56	1	4	19	1	1
4043	2	32	-27	-30	0	56	1	4	19	1	1
4043	2	33	-24	-30	0	56	1	4	19	1	1
4043	2	34	-21	-30	0	56	1	4	19	1	1
4043	2	35	-18	-30	0	56	1	4	19	1	1
4043	2	36	-15	-30	0	56	1	4	19	1	1
4043	2	37	-12	-30	0	56	1	4	19	1	1
4043	2	38	-9	-30	0	56	1	4	19	1	1
4043	2	39	-6	-30	0	56	1	4	19	1	1
4043	2	40	-3	-30	0	56	1	4	19	1	1
4043	2	41	-30	-30	0	101	1	5	19	1	1
4043	2	42	-27	-30	0	101	1	5	19	1	1
4043	2	43	-24	-30	0	101	1	5	19	1	1
4043	2	44	-21	-30	0	101	1	5	19	1	1
4043	2	45	-18	-30	0	101	1	5	19	1	1
4043	2	46	-15	-30	0	101	1	5	19	1	1
4043	2	47	-12	-30	0	101	1	5	19	1	1
4043	2	48	-9	-30	0	101	1	5	19	1	1
4043	2	49	-6	-30	0	101	1	5	19	1	1
4043	2	50	-3	-30	0	101	1	5	19	1	1
4044	3	1	-30	-30	0	29	1	1	20	1	1
4044	3	2	-27	-30	0	29	0	1	20	1	1
4044	3	3	-24	-30	0	29	0	1	20	1	1
4044	3	4	-21	-30	0	29	0	1	20	1	1
4044	3	5	-18	-30	0	29	0	1	20	1	1
4044	3	6	-15	-30	0	29	0	1	20	1	1
4044	3	7	-12	-30	0	29	0	1	20	1	1
4044	3	8	-9	-30	0	29	0	1	20	1	1
4044	3	9	-6	-30	0	29	0	1	20	1	1
4044	3	10	-3	-30	0	29	0	1	20	1	1
4044	3	11	-30	-30	0	56	1	2	20	1	1
4044	3	12	-27	-30	0	56	1	2	20	1	1
4044	3	13	-24	-30	0	56	1	2	20	1	1
4044	3	14	-21	-30	0	56	1	2	20	1	1
4044	3	15	-18	-30	0	56	0	2	20	1	1
4044	3	16	-15	-30	0	56	0	2	20	1	1
4044	3	17	-12	-30	0	56	0	2	20	1	1
4044	3	18	-9	-30	0	56	0	2	20	1	1
4044	3	19	-6	-30	0	56	0	2	20	1	1
4044	3	20	-3	-30	0	56	0	2	20	1	1
4044	3	21	-30	-30	0	15	1	3	20	1	1
4044	3	22	-27	-30	0	15	0	3	20	1	1
4044	3	23	-24	-30	0	15	0	3	20	1	1
4044	3	24	-21	-30	0	15	0	3	20	1	1
4044	3	25	-18	-30	0	15	0	3	20	1	1
4044	3	26	-15	-30	0	15	0	3	20	1	1
4044	3	27	-12	-30	0	15	0	3	20	1	1
4044	3	28	-9	-30	0	15	0	3	20	1	1
4044	3	29	-6	-30	0	15	0	3	20	1	1
4044	3	30	-3	-30	0	15	0	3	20	1	1
4044	3	31	-30	-30	0	101	1	4	20	1	1
4044	3	32	-27	-30	0	101	1	4	20	1	1
4044	3	33	-24	-30	0	101	1	4	20	1	1
4044	3	34	-21	-30	0	101	1	4	20	1	1
4044	3	35	-18	-30	0	101	1	4	20	1	1
4044	3	36	-15	-30	0	101	1	4	20	1	1
4044	3	37	-12	-30	0	101	1	4	20	1	1
4044	3	38	-9	-30	0	101	0	4	20	1	1
4044	3	39	-6	-30	0	101	0	4	20	1	1
4044	3	40	-3	-30	0	101	0	4	20	1	1
4044	3	41	-30	-30	0	7	1	5	20	1	1
4044	3	42	-27	-30	0	7	0	5	20	1	1
4044	3	43	-24	-30	0	7	0	5	20	1	1
4044	3	44	-21	-30	0	7	0	5	20	1	1
4044	3	45	-18	-30	0	7	0	5	20	1	1
4044	3	46	-15	-30	0	7	0	5	20	1	1
4044	3	47	-12	-30	0	7	0	5	20	1	1
4044	3	48	-9	-30	0	7	0	5	20	1	1
4044	3	49	-6	-30	0	7	0	5	20	1	1
4044	3	50	-3	-30	0	7	0	5	20	1	1
4047	4	1	-3	-30	0	56	1	1	21	1	1
4047	4	2	-6	-30	0	56	1	1	21	1	1
4047	4	3	-9	-30	0	56	0	1	21	1	1
4047	4	4	-12	-30	0	56	0	1	21	1	1
4047	4	5	-15	-30	0	56	1	1	21	1	1
4047	4	6	-18	-30	0	56	0	1	21	1	1
4047	4	7	-21	-30	0	56	1	1	21	1	1
4047	4	8	-24	-30	0	56	1	1	21	1	1
4047	4	9	-27	-30	0	56	1	1	21	1	1
4047	4	10	-30	-30	0	56	1	1	21	1	1
4047	4	11	-3	-30	0	101	0	2	21	1	1
4047	4	12	-6	-30	0	101	0	2	21	1	1
4047	4	13	-9	-30	0	101	1	2	21	1	1
4047	4	14	-12	-30	0	101	1	2	21	1	1
4047	4	15	-15	-30	0	101	1	2	21	1	1
4047	4	16	-18	-30	0	101	1	2	21	1	1
4047	4	17	-21	-30	0	101	1	2	21	1	1
4047	4	18	-24	-30	0	101	1	2	21	1	1
4047	4	19	-27	-30	0	101	1	2	21	1	1
4047	4	20	-30	-30	0	101	1	2	21	1	1
4047	4	21	-3	-30	0	29	0	3	21	1	1
4047	4	22	-6	-30	0	29	0	3	21	1	1
4047	4	23	-9	-30	0	29	0	3	21	1	1
4047	4	24	-12	-30	0	29	0	3	21	1	1
4047	4	25	-15	-30	0	29	0	3	21	1	1
4047	4	26	-18	-30	0	29	0	3	21	1	1
4047	4	27	-21	-30	0	29	1	3	21	1	1
4047	4	28	-24	-30	0	29	1	3	21	1	1
4047	4	29	-27	-30	0	29	1	3	21	1	1
4047	4	30	-30	-30	0	29	1	3	21	1	1
4047	4	31	-3	-30	0	7	0	4	21	1	1
4047	4	32	-6	-30	0	7	0	4	21	1	1
4047	4	33	-9	-30	0	7	0	4	21	1	1
4047	4	34	-12	-30	0	7	0	4	21	1	1
4047	4	35	-15	-30	0	7	0	4	21	1	1
4047	4	36	-18	-30	0	7	0	4	21	1	1
4047	4	37	-21	-30	0	7	0	4	21	1	1
4047	4	38	-24	-30	0	7	0	4	21	1	1
4047	4	39	-27	-30	0	7	1	4	21	1	1
4047	4	40	-30	-30	0	7	1	4	21	1	1
4047	4	41	-3	-30	0	15	0	5	21	1	1
4047	4	42	-6	-30	0	15	0	5	21	1	1
4047	4	43	-9	-30	0	15	0	5	21	1	1
4047	4	44	-12	-30	0	15	0	5	21	1	1
4047	4	45	-15	-30	0	15	0	5	21	1	1
4047	4	46	-18	-30	0	15	0	5	21	1	1
4047	4	47	-21	-30	0	15	0	5	21	1	1
4047	4	48	-24	-30	0	15	1	5	21	1	1
4047	4	49	-27	-30	0	15	1	5	21	1	1
4047	4	50	-30	-30	0	15	1	5	21	1	1
4048	5	1	-3	-30	0	101	1	1	22	1	1
4048	5	2	-6	-30	0	101	1	1	22	1	1
4048	5	3	-9	-30	0	101	1	1	22	1	1
4048	5	4	-12	-30	0	101	1	1	22	1	1
4048	5	5	-15	-30	0	101	1	1	22	1	1
4048	5	6	-18	-30	0	101	1	1	22	1	1
4048	5	7	-21	-30	0	101	1	1	22	1	1
4048	5	8	-24	-30	0	101	1	1	22	1	1
4048	5	9	-27	-30	0	101	1	1	22	1	1
4048	5	10	-30	-30	0	101	1	1	22	1	1
4048	5	11	-3	-30	0	7	0	2	22	1	1
4048	5	12	-6	-30	0	7	0	2	22	1	1
4048	5	13	-9	-30	0	7	0	2	22	1	1
4048	5	14	-12	-30	0	7	0	2	22	1	1
4048	5	15	-15	-30	0	7	0	2	22	1	1
4048	5	16	-18	-30	0	7	1	2	22	1	1
4048	5	17	-21	-30	0	7	1	2	22	1	1
4048	5	18	-24	-30	0	7	1	2	22	1	1
4048	5	19	-27	-30	0	7	1	2	22	1	1
4048	5	20	-30	-30	0	7	1	2	22	1	1
4048	5	21	-3	-30	0	56	1	3	22	1	1
4048	5	22	-6	-30	0	56	1	3	22	1	1
4048	5	23	-9	-30	0	56	1	3	22	1	1
4048	5	24	-12	-30	0	56	1	3	22	1	1
4048	5	25	-15	-30	0	56	1	3	22	1	1
4048	5	26	-18	-30	0	56	1	3	22	1	1
4048	5	27	-21	-30	0	56	1	3	22	1	1
4048	5	28	-24	-30	0	56	1	3	22	1	1
4048	5	29	-27	-30	0	56	1	3	22	1	1
4048	5	30	-30	-30	0	56	1	3	22	1	1
4048	5	31	-3	-30	0	15	0	4	22	1	1
4048	5	32	-6	-30	0	15	0	4	22	1	1
4048	5	33	-9	-30	0	15	1	4	22	1	1
4048	5	34	-12	-30	0	15	1	4	22	1	1
4048	5	35	-15	-30	0	15	1	4	22	1	1
4048	5	36	-18	-30	0	15	1	4	22	1	1
4048	5	37	-21	-30	0	15	1	4	22	1	1
4048	5	38	-24	-30	0	15	1	4	22	1	1
4048	5	39	-27	-30	0	15	1	4	22	1	1
4048	5	40	-30	-30	0	15	1	4	22	1	1
4048	5	41	-3	-30	0	29	1	5	22	1	1
4048	5	42	-6	-30	0	29	1	5	22	1	1
4048	5	43	-9	-30	0	29	1	5	22	1	1
4048	5	44	-12	-30	0	29	1	5	22	1	1
4048	5	45	-15	-30	0	29	1	5	22	1	1
4048	5	46	-18	-30	0	29	1	5	22	1	1
4048	5	47	-21	-30	0	29	1	5	22	1	1
4048	5	48	-24	-30	0	29	1	5	22	1	1
4048	5	49	-27	-30	0	29	1	5	22	1	1
4048	5	50	-30	-30	0	29	1	5	22	1	1
4049	6	1	-30	-30	0	56	1	1	23	1	1
4049	6	2	-27	-30	0	56	1	1	23	1	1
4049	6	3	-24	-30	0	56	0	1	23	1	1
4049	6	4	-21	-30	0	56	0	1	23	1	1
4049	6	5	-18	-30	0	56	0	1	23	1	1
4049	6	6	-15	-30	0	56	0	1	23	1	1
4049	6	7	-12	-30	0	56	1	1	23	1	1
4049	6	8	-9	-30	0	56	1	1	23	1	1
4049	6	9	-6	-30	0	56	1	1	23	1	1
4049	6	10	-3	-30	0	56	1	1	23	1	1
4049	6	11	-30	-30	0	29	1	2	23	1	1
4049	6	12	-27	-30	0	29	1	2	23	1	1
4049	6	13	-24	-30	0	29	1	2	23	1	1
4049	6	14	-21	-30	0	29	1	2	23	1	1
4049	6	15	-18	-30	0	29	0	2	23	1	1
4049	6	16	-15	-30	0	29	1	2	23	1	1
4049	6	17	-12	-30	0	29	1	2	23	1	1
4049	6	18	-9	-30	0	29	0	2	23	1	1
4049	6	19	-6	-30	0	29	0	2	23	1	1
4049	6	20	-3	-30	0	29	0	2	23	1	1
4049	6	21	-30	-30	0	101	1	3	23	1	1
4049	6	22	-27	-30	0	101	1	3	23	1	1
4049	6	23	-24	-30	0	101	1	3	23	1	1
4049	6	24	-21	-30	0	101	1	3	23	1	1
4049	6	25	-18	-30	0	101	1	3	23	1	1
4049	6	26	-15	-30	0	101	1	3	23	1	1
4049	6	27	-12	-30	0	101	1	3	23	1	1
4049	6	28	-9	-30	0	101	1	3	23	1	1
4049	6	29	-6	-30	0	101	1	3	23	1	1
4049	6	30	-3	-30	0	101	1	3	23	1	1
4049	6	31	-30	-30	0	15	1	4	23	1	1
4049	6	32	-27	-30	0	15	1	4	23	1	1
4049	6	33	-24	-30	0	15	1	4	23	1	1
4049	6	34	-21	-30	0	15	1	4	23	1	1
4049	6	35	-18	-30	0	15	0	4	23	1	1
4049	6	36	-15	-30	0	15	0	4	23	1	1
4049	6	37	-12	-30	0	15	0	4	23	1	1
4049	6	38	-9	-30	0	15	0	4	23	1	1
4049	6	39	-6	-30	0	15	0	4	23	1	1
4049	6	40	-3	-30	0	15	0	4	23	1	1
4049	6	41	-30	-30	0	7	1	5	23	1	1
4049	6	42	-27	-30	0	7	1	5	23	1	1
4049	6	43	-24	-30	0	7	0	5	23	1	1
4049	6	44	-21	-30	0	7	1	5	23	1	1
4049	6	45	-18	-30	0	7	1	5	23	1	1
4049	6	46	-15	-30	0	7	1	5	23	1	1
4049	6	47	-12	-30	0	7	0	5	23	1	1
4049	6	48	-9	-30	0	7	1	5	23	1	1
4049	6	49	-6	-30	0	7	0	5	23	1	1
4049	6	50	-3	-30	0	7	0	5	23	1	1
4050	7	1	-3	-30	0	101	0	1	24	1	1
4050	7	2	-6	-30	0	101	1	1	24	1	1
4050	7	3	-9	-30	0	101	0	1	24	1	1
4050	7	4	-12	-30	0	101	0	1	24	1	1
4050	7	5	-15	-30	0	101	0	1	24	1	1
4050	7	6	-18	-30	0	101	0	1	24	1	1
4050	7	7	-21	-30	0	101	0	1	24	1	1
4050	7	8	-24	-30	0	101	0	1	24	1	1
4050	7	9	-27	-30	0	101	1	1	24	1	1
4050	7	10	-30	-30	0	101	1	1	24	1	1
4050	7	11	-3	-30	0	56	0	2	24	1	1
4050	7	12	-6	-30	0	56	0	2	24	1	1
4050	7	13	-9	-30	0	56	0	2	24	1	1
4050	7	14	-12	-30	0	56	0	2	24	1	1
4050	7	15	-15	-30	0	56	0	2	24	1	1
4050	7	16	-18	-30	0	56	0	2	24	1	1
4050	7	17	-21	-30	0	56	0	2	24	1	1
4050	7	18	-24	-30	0	56	1	2	24	1	1
4050	7	19	-27	-30	0	56	1	2	24	1	1
4050	7	20	-30	-30	0	56	1	2	24	1	1
4050	7	21	-3	-30	0	7	0	3	24	1	1
4050	7	22	-6	-30	0	7	0	3	24	1	1
4050	7	23	-9	-30	0	7	0	3	24	1	1
4050	7	24	-12	-30	0	7	0	3	24	1	1
4050	7	25	-15	-30	0	7	0	3	24	1	1
4050	7	26	-18	-30	0	7	0	3	24	1	1
4050	7	27	-21	-30	0	7	0	3	24	1	1
4050	7	28	-24	-30	0	7	0	3	24	1	1
4050	7	29	-27	-30	0	7	0	3	24	1	1
4050	7	30	-30	-30	0	7	0	3	24	1	1
4050	7	31	-3	-30	0	29	0	4	24	1	1
4050	7	32	-6	-30	0	29	0	4	24	1	1
4050	7	33	-9	-30	0	29	1	4	24	1	1
4050	7	34	-12	-30	0	29	1	4	24	1	1
4050	7	35	-15	-30	0	29	1	4	24	1	1
4050	7	36	-18	-30	0	29	1	4	24	1	1
4050	7	37	-21	-30	0	29	0	4	24	1	1
4050	7	38	-24	-30	0	29	1	4	24	1	1
4050	7	39	-27	-30	0	29	1	4	24	1	1
4050	7	40	-30	-30	0	29	1	4	24	1	1
4050	7	41	-3	-30	0	15	0	5	24	1	1
4050	7	42	-6	-30	0	15	0	5	24	1	1
4050	7	43	-9	-30	0	15	0	5	24	1	1
4050	7	44	-12	-30	0	15	0	5	24	1	1
4050	7	45	-15	-30	0	15	0	5	24	1	1
4050	7	46	-18	-30	0	15	0	5	24	1	1
4050	7	47	-21	-30	0	15	0	5	24	1	1
4050	7	48	-24	-30	0	15	0	5	24	1	1
4050	7	49	-27	-30	0	15	0	5	24	1	1
4050	7	50	-30	-30	0	15	1	5	24	1	1
4051	8	1	-30	-30	0	7	1	1	25	1	1
4051	8	2	-27	-30	0	7	1	1	25	1	1
4051	8	3	-24	-30	0	7	1	1	25	1	1
4051	8	4	-21	-30	0	7	1	1	25	1	1
4051	8	5	-18	-30	0	7	0	1	25	1	1
4051	8	6	-15	-30	0	7	0	1	25	1	1
4051	8	7	-12	-30	0	7	0	1	25	1	1
4051	8	8	-9	-30	0	7	0	1	25	1	1
4051	8	9	-6	-30	0	7	0	1	25	1	1
4051	8	10	-3	-30	0	7	0	1	25	1	1
4051	8	11	-30	-30	0	101	1	2	25	1	1
4051	8	12	-27	-30	0	101	0	2	25	1	1
4051	8	13	-24	-30	0	101	1	2	25	1	1
4051	8	14	-21	-30	0	101	1	2	25	1	1
4051	8	15	-18	-30	0	101	1	2	25	1	1
4051	8	16	-15	-30	0	101	1	2	25	1	1
4051	8	17	-12	-30	0	101	1	2	25	1	1
4051	8	18	-9	-30	0	101	1	2	25	1	1
4051	8	19	-6	-30	0	101	0	2	25	1	1
4051	8	20	-3	-30	0	101	0	2	25	1	1
4051	8	21	-30	-30	0	15	1	3	25	1	1
4051	8	22	-27	-30	0	15	0	3	25	1	1
4051	8	23	-24	-30	0	15	0	3	25	1	1
4051	8	24	-21	-30	0	15	0	3	25	1	1
4051	8	25	-18	-30	0	15	0	3	25	1	1
4051	8	26	-15	-30	0	15	0	3	25	1	1
4051	8	27	-12	-30	0	15	0	3	25	1	1
4051	8	28	-9	-30	0	15	0	3	25	1	1
4051	8	29	-6	-30	0	15	0	3	25	1	1
4051	8	30	-3	-30	0	15	0	3	25	1	1
4051	8	31	-30	-30	0	56	1	4	25	1	1
4051	8	32	-27	-30	0	56	0	4	25	1	1
4051	8	33	-24	-30	0	56	0	4	25	1	1
4051	8	34	-21	-30	0	56	0	4	25	1	1
4051	8	35	-18	-30	0	56	0	4	25	1	1
4051	8	36	-15	-30	0	56	0	4	25	1	1
4051	8	37	-12	-30	0	56	0	4	25	1	1
4051	8	38	-9	-30	0	56	0	4	25	1	1
4051	8	39	-6	-30	0	56	0	4	25	1	1
4051	8	40	-3	-30	0	56	0	4	25	1	1
4051	8	41	-30	-30	0	29	1	5	25	1	1
4051	8	42	-27	-30	0	29	0	5	25	1	1
4051	8	43	-24	-30	0	29	0	5	25	1	1
4051	8	44	-21	-30	0	29	0	5	25	1	1
4051	8	45	-18	-30	0	29	0	5	25	1	1
4051	8	46	-15	-30	0	29	0	5	25	1	1
4051	8	47	-12	-30	0	29	0	5	25	1	1
4051	8	48	-9	-30	0	29	0	5	25	1	1
4051	8	49	-6	-30	0	29	0	5	25	1	1
4051	8	50	-3	-30	0	29	0	5	25	1	1
4053	9	1	-3	-30	0	15	0	1	26	1	1
4053	9	2	-6	-30	0	15	0	1	26	1	1
4053	9	3	-9	-30	0	15	0	1	26	1	1
4053	9	4	-12	-30	0	15	0	1	26	1	1
4053	9	5	-15	-30	0	15	0	1	26	1	1
4053	9	6	-18	-30	0	15	0	1	26	1	1
4053	9	7	-21	-30	0	15	0	1	26	1	1
4053	9	8	-24	-30	0	15	0	1	26	1	1
4053	9	9	-27	-30	0	15	0	1	26	1	1
4053	9	10	-30	-30	0	15	1	1	26	1	1
4053	9	11	-3	-30	0	7	0	2	26	1	1
4053	9	12	-6	-30	0	7	0	2	26	1	1
4053	9	13	-9	-30	0	7	0	2	26	1	1
4053	9	14	-12	-30	0	7	0	2	26	1	1
4053	9	15	-15	-30	0	7	0	2	26	1	1
4053	9	16	-18	-30	0	7	0	2	26	1	1
4053	9	17	-21	-30	0	7	0	2	26	1	1
4053	9	18	-24	-30	0	7	0	2	26	1	1
4053	9	19	-27	-30	0	7	1	2	26	1	1
4053	9	20	-30	-30	0	7	1	2	26	1	1
4053	9	21	-3	-30	0	29	0	3	26	1	1
4053	9	22	-6	-30	0	29	0	3	26	1	1
4053	9	23	-9	-30	0	29	0	3	26	1	1
4053	9	24	-12	-30	0	29	0	3	26	1	1
4053	9	25	-15	-30	0	29	0	3	26	1	1
4053	9	26	-18	-30	0	29	0	3	26	1	1
4053	9	27	-21	-30	0	29	0	3	26	1	1
4053	9	28	-24	-30	0	29	1	3	26	1	1
4053	9	29	-27	-30	0	29	1	3	26	1	1
4053	9	30	-30	-30	0	29	1	3	26	1	1
4053	9	31	-3	-30	0	101	0	4	26	1	1
4053	9	32	-6	-30	0	101	0	4	26	1	1
4053	9	33	-9	-30	0	101	0	4	26	1	1
4053	9	34	-12	-30	0	101	0	4	26	1	1
4053	9	35	-15	-30	0	101	0	4	26	1	1
4053	9	36	-18	-30	0	101	0	4	26	1	1
4053	9	37	-21	-30	0	101	0	4	26	1	1
4053	9	38	-24	-30	0	101	1	4	26	1	1
4053	9	39	-27	-30	0	101	1	4	26	1	1
4053	9	40	-30	-30	0	101	1	4	26	1	1
4053	9	41	-3	-30	0	56	0	5	26	1	1
4053	9	42	-6	-30	0	56	0	5	26	1	1
4053	9	43	-9	-30	0	56	0	5	26	1	1
4053	9	44	-12	-30	0	56	0	5	26	1	1
4053	9	45	-15	-30	0	56	0	5	26	1	1
4053	9	46	-18	-30	0	56	0	5	26	1	1
4053	9	47	-21	-30	0	56	0	5	26	1	1
4053	9	48	-24	-30	0	56	0	5	26	1	1
4053	9	49	-27	-30	0	56	1	5	26	1	1
4053	9	50	-30	-30	0	56	1	5	26	1	1
4056	10	1	-30	-30	0	29	1	1	27	1	1
4056	10	2	-27	-30	0	29	0	1	27	1	1
4056	10	3	-24	-30	0	29	0	1	27	1	1
4056	10	4	-21	-30	0	29	0	1	27	1	1
4056	10	5	-18	-30	0	29	0	1	27	1	1
4056	10	6	-15	-30	0	29	0	1	27	1	1
4056	10	7	-12	-30	0	29	0	1	27	1	1
4056	10	8	-9	-30	0	29	0	1	27	1	1
4056	10	9	-6	-30	0	29	0	1	27	1	1
4056	10	10	-3	-30	0	29	0	1	27	1	1
4056	10	11	-30	-30	0	15	0	2	27	1	1
4056	10	12	-27	-30	0	15	1	2	27	1	1
4056	10	13	-24	-30	0	15	1	2	27	1	1
4056	10	14	-21	-30	0	15	1	2	27	1	1
4056	10	15	-18	-30	0	15	0	2	27	1	1
4056	10	16	-15	-30	0	15	0	2	27	1	1
4056	10	17	-12	-30	0	15	0	2	27	1	1
4056	10	18	-9	-30	0	15	0	2	27	1	1
4056	10	19	-6	-30	0	15	0	2	27	1	1
4056	10	20	-3	-30	0	15	0	2	27	1	1
4056	10	21	-30	-30	0	56	1	3	27	1	1
4056	10	22	-27	-30	0	56	1	3	27	1	1
4056	10	23	-24	-30	0	56	1	3	27	1	1
4056	10	24	-21	-30	0	56	1	3	27	1	1
4056	10	25	-18	-30	0	56	1	3	27	1	1
4056	10	26	-15	-30	0	56	1	3	27	1	1
4056	10	27	-12	-30	0	56	0	3	27	1	1
4056	10	28	-9	-30	0	56	0	3	27	1	1
4056	10	29	-6	-30	0	56	0	3	27	1	1
4056	10	30	-3	-30	0	56	0	3	27	1	1
4056	10	31	-30	-30	0	7	0	4	27	1	1
4056	10	32	-27	-30	0	7	0	4	27	1	1
4056	10	33	-24	-30	0	7	0	4	27	1	1
4056	10	34	-21	-30	0	7	0	4	27	1	1
4056	10	35	-18	-30	0	7	0	4	27	1	1
4056	10	36	-15	-30	0	7	0	4	27	1	1
4056	10	37	-12	-30	0	7	0	4	27	1	1
4056	10	38	-9	-30	0	7	0	4	27	1	1
4056	10	39	-6	-30	0	7	0	4	27	1	1
4056	10	40	-3	-30	0	7	0	4	27	1	1
4056	10	41	-30	-30	0	101	1	5	27	1	1
4056	10	42	-27	-30	0	101	1	5	27	1	1
4056	10	43	-24	-30	0	101	1	5	27	1	1
4056	10	44	-21	-30	0	101	1	5	27	1	1
4056	10	45	-18	-30	0	101	1	5	27	1	1
4056	10	46	-15	-30	0	101	1	5	27	1	1
4056	10	47	-12	-30	0	101	1	5	27	1	1
4056	10	48	-9	-30	0	101	1	5	27	1	1
4056	10	49	-6	-30	0	101	1	5	27	1	1
4056	10	50	-3	-30	0	101	1	5	27	1	1
4059	1	1	-3	-30	0	7	0	1	28	1	1
4059	1	2	-6	-30	0	7	0	1	28	1	1
4059	1	3	-9	-30	0	7	0	1	28	1	1
4059	1	4	-12	-30	0	7	0	1	28	1	1
4059	1	5	-15	-30	0	7	0	1	28	1	1
4059	1	6	-18	-30	0	7	0	1	28	1	1
4059	1	7	-21	-30	0	7	0	1	28	1	1
4059	1	8	-24	-30	0	7	0	1	28	1	1
4059	1	9	-27	-30	0	7	1	1	28	1	1
4059	1	10	-30	-30	0	7	1	1	28	1	1
4059	1	11	-3	-30	0	15	0	2	28	1	1
4059	1	12	-6	-30	0	15	0	2	28	1	1
4059	1	13	-9	-30	0	15	0	2	28	1	1
4059	1	14	-12	-30	0	15	0	2	28	1	1
4059	1	15	-15	-30	0	15	0	2	28	1	1
4059	1	16	-18	-30	0	15	1	2	28	1	1
4059	1	17	-21	-30	0	15	1	2	28	1	1
4059	1	18	-24	-30	0	15	1	2	28	1	1
4059	1	19	-27	-30	0	15	1	2	28	1	1
4059	1	20	-30	-30	0	15	1	2	28	1	1
4059	1	21	-3	-30	0	101	1	3	28	1	1
4059	1	22	-6	-30	0	101	1	3	28	1	1
4059	1	23	-9	-30	0	101	1	3	28	1	1
4059	1	24	-12	-30	0	101	1	3	28	1	1
4059	1	25	-15	-30	0	101	1	3	28	1	1
4059	1	26	-18	-30	0	101	1	3	28	1	1
4059	1	27	-21	-30	0	101	1	3	28	1	1
4059	1	28	-24	-30	0	101	1	3	28	1	1
4059	1	29	-27	-30	0	101	1	3	28	1	1
4059	1	30	-30	-30	0	101	1	3	28	1	1
4059	1	31	-3	-30	0	29	0	4	28	1	1
4059	1	32	-6	-30	0	29	0	4	28	1	1
4059	1	33	-9	-30	0	29	0	4	28	1	1
4059	1	34	-12	-30	0	29	0	4	28	1	1
4059	1	35	-15	-30	0	29	0	4	28	1	1
4059	1	36	-18	-30	0	29	1	4	28	1	1
4059	1	37	-21	-30	0	29	1	4	28	1	1
4059	1	38	-24	-30	0	29	1	4	28	1	1
4059	1	39	-27	-30	0	29	1	4	28	1	1
4059	1	40	-30	-30	0	29	1	4	28	1	1
4059	1	41	-3	-30	0	56	1	5	28	1	1
4059	1	42	-6	-30	0	56	1	5	28	1	1
4059	1	43	-9	-30	0	56	1	5	28	1	1
4059	1	44	-12	-30	0	56	1	5	28	1	1
4059	1	45	-15	-30	0	56	1	5	28	1	1
4059	1	46	-18	-30	0	56	1	5	28	1	1
4059	1	47	-21	-30	0	56	1	5	28	1	1
4059	1	48	-24	-30	0	56	1	5	28	1	1
4059	1	49	-27	-30	0	56	1	5	28	1	1
4059	1	50	-30	-30	0	56	1	5	28	1	1
4063	4	1	-30	-30	0	56	1	1	29	1	1
4063	4	2	-27	-30	0	56	1	1	29	1	1
4063	4	3	-24	-30	0	56	1	1	29	1	1
4063	4	4	-21	-30	0	56	0	1	29	1	1
4063	4	5	-18	-30	0	56	0	1	29	1	1
4063	4	6	-15	-30	0	56	1	1	29	1	1
4063	4	7	-12	-30	0	56	0	1	29	1	1
4063	4	8	-9	-30	0	56	0	1	29	1	1
4063	4	9	-6	-30	0	56	0	1	29	1	1
4063	4	10	-3	-30	0	56	1	1	29	1	1
4063	4	11	-30	-30	0	101	1	2	29	1	1
4063	4	12	-27	-30	0	101	1	2	29	1	1
4063	4	13	-24	-30	0	101	1	2	29	1	1
4063	4	14	-21	-30	0	101	1	2	29	1	1
4063	4	15	-18	-30	0	101	1	2	29	1	1
4063	4	16	-15	-30	0	101	0	2	29	1	1
4063	4	17	-12	-30	0	101	1	2	29	1	1
4063	4	18	-9	-30	0	101	0	2	29	1	1
4063	4	19	-6	-30	0	101	1	2	29	1	1
4063	4	20	-3	-30	0	101	1	2	29	1	1
4063	4	21	-30	-30	0	29	1	3	29	1	1
4063	4	22	-27	-30	0	29	1	3	29	1	1
4063	4	23	-24	-30	0	29	1	3	29	1	1
4063	4	24	-21	-30	0	29	1	3	29	1	1
4063	4	25	-18	-30	0	29	0	3	29	1	1
4063	4	26	-15	-30	0	29	0	3	29	1	1
4063	4	27	-12	-30	0	29	0	3	29	1	1
4063	4	28	-9	-30	0	29	0	3	29	1	1
4063	4	29	-6	-30	0	29	0	3	29	1	1
4063	4	30	-3	-30	0	29	0	3	29	1	1
4063	4	31	-30	-30	0	7	1	4	29	1	1
4063	4	32	-27	-30	0	7	1	4	29	1	1
4063	4	33	-24	-30	0	7	0	4	29	1	1
4063	4	34	-21	-30	0	7	0	4	29	1	1
4063	4	35	-18	-30	0	7	1	4	29	1	1
4063	4	36	-15	-30	0	7	0	4	29	1	1
4063	4	37	-12	-30	0	7	0	4	29	1	1
4063	4	38	-9	-30	0	7	0	4	29	1	1
4063	4	39	-6	-30	0	7	1	4	29	1	1
4063	4	40	-3	-30	0	7	0	4	29	1	1
4063	4	41	-30	-30	0	15	1	5	29	1	1
4063	4	42	-27	-30	0	15	1	5	29	1	1
4063	4	43	-24	-30	0	15	1	5	29	1	1
4063	4	44	-21	-30	0	15	1	5	29	1	1
4063	4	45	-18	-30	0	15	1	5	29	1	1
4063	4	46	-15	-30	0	15	1	5	29	1	1
4063	4	47	-12	-30	0	15	0	5	29	1	1
4063	4	48	-9	-30	0	15	1	5	29	1	1
4063	4	49	-6	-30	0	15	0	5	29	1	1
4063	4	50	-3	-30	0	15	0	5	29	1	1
4065	5	1	-3	-30	0	101	1	1	30	1	1
4065	5	2	-6	-30	0	101	0	1	30	1	1
4065	5	3	-9	-30	0	101	0	1	30	1	1
4065	5	4	-12	-30	0	101	0	1	30	1	1
4065	5	5	-15	-30	0	101	0	1	30	1	1
4065	5	6	-18	-30	0	101	0	1	30	1	1
4065	5	7	-21	-30	0	101	0	1	30	1	1
4065	5	8	-24	-30	0	101	0	1	30	1	1
4065	5	9	-27	-30	0	101	0	1	30	1	1
4065	5	10	-30	-30	0	101	1	1	30	1	1
4065	5	11	-3	-30	0	7	0	2	30	1	1
4065	5	12	-6	-30	0	7	0	2	30	1	1
4065	5	13	-9	-30	0	7	0	2	30	1	1
4065	5	14	-12	-30	0	7	0	2	30	1	1
4065	5	15	-15	-30	0	7	0	2	30	1	1
4065	5	16	-18	-30	0	7	0	2	30	1	1
4065	5	17	-21	-30	0	7	0	2	30	1	1
4065	5	18	-24	-30	0	7	0	2	30	1	1
4065	5	19	-27	-30	0	7	0	2	30	1	1
4065	5	20	-30	-30	0	7	1	2	30	1	1
4065	5	21	-3	-30	0	56	0	3	30	1	1
4065	5	22	-6	-30	0	56	0	3	30	1	1
4065	5	23	-9	-30	0	56	0	3	30	1	1
4065	5	24	-12	-30	0	56	0	3	30	1	1
4065	5	25	-15	-30	0	56	0	3	30	1	1
4065	5	26	-18	-30	0	56	1	3	30	1	1
4065	5	27	-21	-30	0	56	1	3	30	1	1
4065	5	28	-24	-30	0	56	1	3	30	1	1
4065	5	29	-27	-30	0	56	1	3	30	1	1
4065	5	30	-30	-30	0	56	1	3	30	1	1
4065	5	31	-3	-30	0	15	0	4	30	1	1
4065	5	32	-6	-30	0	15	0	4	30	1	1
4065	5	33	-9	-30	0	15	0	4	30	1	1
4065	5	34	-12	-30	0	15	0	4	30	1	1
4065	5	35	-15	-30	0	15	0	4	30	1	1
4065	5	36	-18	-30	0	15	0	4	30	1	1
4065	5	37	-21	-30	0	15	0	4	30	1	1
4065	5	38	-24	-30	0	15	0	4	30	1	1
4065	5	39	-27	-30	0	15	0	4	30	1	1
4065	5	40	-30	-30	0	15	1	4	30	1	1
4065	5	41	-3	-30	0	29	0	5	30	1	1
4065	5	42	-6	-30	0	29	0	5	30	1	1
4065	5	43	-9	-30	0	29	0	5	30	1	1
4065	5	44	-12	-30	0	29	0	5	30	1	1
4065	5	45	-15	-30	0	29	0	5	30	1	1
4065	5	46	-18	-30	0	29	0	5	30	1	1
4065	5	47	-21	-30	0	29	0	5	30	1	1
4065	5	48	-24	-30	0	29	0	5	30	1	1
4065	5	49	-27	-30	0	29	1	5	30	1	1
4065	5	50	-30	-30	0	29	1	5	30	1	1
4068	7	1	-3	-30	0	101	0	1	31	1	1
4068	7	2	-6	-30	0	101	0	1	31	1	1
4068	7	3	-9	-30	0	101	1	1	31	1	1
4068	7	4	-12	-30	0	101	1	1	31	1	1
4068	7	5	-15	-30	0	101	1	1	31	1	1
4068	7	6	-18	-30	0	101	0	1	31	1	1
4068	7	7	-21	-30	0	101	0	1	31	1	1
4068	7	8	-24	-30	0	101	1	1	31	1	1
4068	7	9	-27	-30	0	101	1	1	31	1	1
4068	7	10	-30	-30	0	101	1	1	31	1	1
4068	7	11	-3	-30	0	56	0	2	31	1	1
4068	7	12	-6	-30	0	56	0	2	31	1	1
4068	7	13	-9	-30	0	56	0	2	31	1	1
4068	7	14	-12	-30	0	56	0	2	31	1	1
4068	7	15	-15	-30	0	56	0	2	31	1	1
4068	7	16	-18	-30	0	56	0	2	31	1	1
4068	7	17	-21	-30	0	56	1	2	31	1	1
4068	7	18	-24	-30	0	56	1	2	31	1	1
4068	7	19	-27	-30	0	56	1	2	31	1	1
4068	7	20	-30	-30	0	56	1	2	31	1	1
4068	7	21	-3	-30	0	7	0	3	31	1	1
4068	7	22	-6	-30	0	7	0	3	31	1	1
4068	7	23	-9	-30	0	7	0	3	31	1	1
4068	7	24	-12	-30	0	7	0	3	31	1	1
4068	7	25	-15	-30	0	7	0	3	31	1	1
4068	7	26	-18	-30	0	7	0	3	31	1	1
4068	7	27	-21	-30	0	7	0	3	31	1	1
4068	7	28	-24	-30	0	7	0	3	31	1	1
4068	7	29	-27	-30	0	7	0	3	31	1	1
4068	7	30	-30	-30	0	7	1	3	31	1	1
4068	7	31	-3	-30	0	29	0	4	31	1	1
4068	7	32	-6	-30	0	29	0	4	31	1	1
4068	7	33	-9	-30	0	29	0	4	31	1	1
4068	7	34	-12	-30	0	29	0	4	31	1	1
4068	7	35	-15	-30	0	29	0	4	31	1	1
4068	7	36	-18	-30	0	29	0	4	31	1	1
4068	7	37	-21	-30	0	29	1	4	31	1	1
4068	7	38	-24	-30	0	29	1	4	31	1	1
4068	7	39	-27	-30	0	29	1	4	31	1	1
4068	7	40	-30	-30	0	29	1	4	31	1	1
4068	7	41	-3	-30	0	15	0	5	31	1	1
4068	7	42	-6	-30	0	15	0	5	31	1	1
4068	7	43	-9	-30	0	15	0	5	31	1	1
4068	7	44	-12	-30	0	15	0	5	31	1	1
4068	7	45	-15	-30	0	15	0	5	31	1	1
4068	7	46	-18	-30	0	15	0	5	31	1	1
4068	7	47	-21	-30	0	15	0	5	31	1	1
4068	7	48	-24	-30	0	15	1	5	31	1	1
4068	7	49	-27	-30	0	15	1	5	31	1	1
4068	7	50	-30	-30	0	15	1	5	31	1	1
4069	8	1	-30	-30	0	7	0	1	32	1	1
4069	8	2	-27	-30	0	7	0	1	32	1	1
4069	8	3	-24	-30	0	7	1	1	32	1	1
4069	8	4	-21	-30	0	7	0	1	32	1	1
4069	8	5	-18	-30	0	7	1	1	32	1	1
4069	8	6	-15	-30	0	7	0	1	32	1	1
4069	8	7	-12	-30	0	7	0	1	32	1	1
4069	8	8	-9	-30	0	7	1	1	32	1	1
4069	8	9	-6	-30	0	7	1	1	32	1	1
4069	8	10	-3	-30	0	7	0	1	32	1	1
4069	8	11	-30	-30	0	101	0	2	32	1	1
4069	8	12	-27	-30	0	101	1	2	32	1	1
4069	8	13	-24	-30	0	101	0	2	32	1	1
4069	8	14	-21	-30	0	101	1	2	32	1	1
4069	8	15	-18	-30	0	101	0	2	32	1	1
4069	8	16	-15	-30	0	101	1	2	32	1	1
4069	8	17	-12	-30	0	101	1	2	32	1	1
4069	8	18	-9	-30	0	101	1	2	32	1	1
4069	8	19	-6	-30	0	101	1	2	32	1	1
4069	8	20	-3	-30	0	101	1	2	32	1	1
4069	8	21	-30	-30	0	15	0	3	32	1	1
4069	8	22	-27	-30	0	15	0	3	32	1	1
4069	8	23	-24	-30	0	15	1	3	32	1	1
4069	8	24	-21	-30	0	15	0	3	32	1	1
4069	8	25	-18	-30	0	15	0	3	32	1	1
4069	8	26	-15	-30	0	15	1	3	32	1	1
4069	8	27	-12	-30	0	15	1	3	32	1	1
4069	8	28	-9	-30	0	15	1	3	32	1	1
4069	8	29	-6	-30	0	15	1	3	32	1	1
4069	8	30	-3	-30	0	15	0	3	32	1	1
4069	8	31	-30	-30	0	56	1	4	32	1	1
4069	8	32	-27	-30	0	56	0	4	32	1	1
4069	8	33	-24	-30	0	56	1	4	32	1	1
4069	8	34	-21	-30	0	56	1	4	32	1	1
4069	8	35	-18	-30	0	56	1	4	32	1	1
4069	8	36	-15	-30	0	56	1	4	32	1	1
4069	8	37	-12	-30	0	56	1	4	32	1	1
4069	8	38	-9	-30	0	56	1	4	32	1	1
4069	8	39	-6	-30	0	56	1	4	32	1	1
4069	8	40	-3	-30	0	56	1	4	32	1	1
4069	8	41	-30	-30	0	29	1	5	32	1	1
4069	8	42	-27	-30	0	29	0	5	32	1	1
4069	8	43	-24	-30	0	29	0	5	32	1	1
4069	8	44	-21	-30	0	29	1	5	32	1	1
4069	8	45	-18	-30	0	29	1	5	32	1	1
4069	8	46	-15	-30	0	29	1	5	32	1	1
4069	8	47	-12	-30	0	29	1	5	32	1	1
4069	8	48	-9	-30	0	29	1	5	32	1	1
4069	8	49	-6	-30	0	29	1	5	32	1	1
4069	8	50	-3	-30	0	29	1	5	32	1	1
4072	9	1	-30	-30	0	15	1	1	33	1	1
4072	9	2	-27	-30	0	15	0	1	33	1	1
4072	9	3	-24	-30	0	15	0	1	33	1	1
4072	9	4	-21	-30	0	15	0	1	33	1	1
4072	9	5	-18	-30	0	15	1	1	33	1	1
4072	9	6	-15	-30	0	15	0	1	33	1	1
4072	9	7	-12	-30	0	15	0	1	33	1	1
4072	9	8	-9	-30	0	15	0	1	33	1	1
4072	9	9	-6	-30	0	15	0	1	33	1	1
4072	9	10	-3	-30	0	15	0	1	33	1	1
4072	9	11	-30	-30	0	7	1	2	33	1	1
4072	9	12	-27	-30	0	7	0	2	33	1	1
4072	9	13	-24	-30	0	7	0	2	33	1	1
4072	9	14	-21	-30	0	7	0	2	33	1	1
4072	9	15	-18	-30	0	7	0	2	33	1	1
4072	9	16	-15	-30	0	7	0	2	33	1	1
4072	9	17	-12	-30	0	7	0	2	33	1	1
4072	9	18	-9	-30	0	7	0	2	33	1	1
4072	9	19	-6	-30	0	7	0	2	33	1	1
4072	9	20	-3	-30	0	7	0	2	33	1	1
4072	9	21	-30	-30	0	29	1	3	33	1	1
4072	9	22	-27	-30	0	29	1	3	33	1	1
4072	9	23	-24	-30	0	29	1	3	33	1	1
4072	9	24	-21	-30	0	29	0	3	33	1	1
4072	9	25	-18	-30	0	29	1	3	33	1	1
4072	9	26	-15	-30	0	29	1	3	33	1	1
4072	9	27	-12	-30	0	29	0	3	33	1	1
4072	9	28	-9	-30	0	29	0	3	33	1	1
4072	9	29	-6	-30	0	29	0	3	33	1	1
4072	9	30	-3	-30	0	29	0	3	33	1	1
4072	9	31	-30	-30	0	101	1	4	33	1	1
4072	9	32	-27	-30	0	101	1	4	33	1	1
4072	9	33	-24	-30	0	101	1	4	33	1	1
4072	9	34	-21	-30	0	101	1	4	33	1	1
4072	9	35	-18	-30	0	101	1	4	33	1	1
4072	9	36	-15	-30	0	101	1	4	33	1	1
4072	9	37	-12	-30	0	101	1	4	33	1	1
4072	9	38	-9	-30	0	101	1	4	33	1	1
4072	9	39	-6	-30	0	101	1	4	33	1	1
4072	9	40	-3	-30	0	101	1	4	33	1	1
4072	9	41	-30	-30	0	56	1	5	33	1	1
4072	9	42	-27	-30	0	56	1	5	33	1	1
4072	9	43	-24	-30	0	56	1	5	33	1	1
4072	9	44	-21	-30	0	56	1	5	33	1	1
4072	9	45	-18	-30	0	56	1	5	33	1	1
4072	9	46	-15	-30	0	56	1	5	33	1	1
4072	9	47	-12	-30	0	56	1	5	33	1	1
4072	9	48	-9	-30	0	56	1	5	33	1	1
4072	9	49	-6	-30	0	56	1	5	33	1	1
4072	9	50	-3	-30	0	56	1	5	33	1	1
4073	10	1	-3	-30	0	29	1	1	34	1	1
4073	10	2	-6	-30	0	29	0	1	34	1	1
4073	10	3	-9	-30	0	29	0	1	34	1	1
4073	10	4	-12	-30	0	29	0	1	34	1	1
4073	10	5	-15	-30	0	29	1	1	34	1	1
4073	10	6	-18	-30	0	29	0	1	34	1	1
4073	10	7	-21	-30	0	29	0	1	34	1	1
4073	10	8	-24	-30	0	29	0	1	34	1	1
4073	10	9	-27	-30	0	29	1	1	34	1	1
4073	10	10	-30	-30	0	29	1	1	34	1	1
4073	10	11	-3	-30	0	15	0	2	34	1	1
4073	10	12	-6	-30	0	15	0	2	34	1	1
4073	10	13	-9	-30	0	15	0	2	34	1	1
4073	10	14	-12	-30	0	15	0	2	34	1	1
4073	10	15	-15	-30	0	15	0	2	34	1	1
4073	10	16	-18	-30	0	15	0	2	34	1	1
4073	10	17	-21	-30	0	15	0	2	34	1	1
4073	10	18	-24	-30	0	15	0	2	34	1	1
4073	10	19	-27	-30	0	15	0	2	34	1	1
4073	10	20	-30	-30	0	15	1	2	34	1	1
4073	10	21	-3	-30	0	56	0	3	34	1	1
4073	10	22	-6	-30	0	56	0	3	34	1	1
4073	10	23	-9	-30	0	56	0	3	34	1	1
4073	10	24	-12	-30	0	56	0	3	34	1	1
4073	10	25	-15	-30	0	56	0	3	34	1	1
4073	10	26	-18	-30	0	56	0	3	34	1	1
4073	10	27	-21	-30	0	56	0	3	34	1	1
4073	10	28	-24	-30	0	56	1	3	34	1	1
4073	10	29	-27	-30	0	56	1	3	34	1	1
4073	10	30	-30	-30	0	56	1	3	34	1	1
4073	10	31	-3	-30	0	7	0	4	34	1	1
4073	10	32	-6	-30	0	7	0	4	34	1	1
4073	10	33	-9	-30	0	7	0	4	34	1	1
4073	10	34	-12	-30	0	7	0	4	34	1	1
4073	10	35	-15	-30	0	7	0	4	34	1	1
4073	10	36	-18	-30	0	7	0	4	34	1	1
4073	10	37	-21	-30	0	7	0	4	34	1	1
4073	10	38	-24	-30	0	7	0	4	34	1	1
4073	10	39	-27	-30	0	7	0	4	34	1	1
4073	10	40	-30	-30	0	7	1	4	34	1	1
4073	10	41	-3	-30	0	101	0	5	34	1	1
4073	10	42	-6	-30	0	101	0	5	34	1	1
4073	10	43	-9	-30	0	101	0	5	34	1	1
4073	10	44	-12	-30	0	101	0	5	34	1	1
4073	10	45	-15	-30	0	101	0	5	34	1	1
4073	10	46	-18	-30	0	101	1	5	34	1	1
4073	10	47	-21	-30	0	101	1	5	34	1	1
4073	10	48	-24	-30	0	101	1	5	34	1	1
4073	10	49	-27	-30	0	101	1	5	34	1	1
4073	10	50	-30	-30	0	101	1	5	34	1	1
4075	1	1	-3	-30	0	7	0	1	35	1	1
4075	1	2	-6	-30	0	7	0	1	35	1	1
4075	1	3	-9	-30	0	7	0	1	35	1	1
4075	1	4	-12	-30	0	7	0	1	35	1	1
4075	1	5	-15	-30	0	7	0	1	35	1	1
4075	1	6	-18	-30	0	7	0	1	35	1	1
4075	1	7	-21	-30	0	7	0	1	35	1	1
4075	1	8	-24	-30	0	7	0	1	35	1	1
4075	1	9	-27	-30	0	7	0	1	35	1	1
4075	1	10	-30	-30	0	7	0	1	35	1	1
4075	1	11	-3	-30	0	15	1	2	35	1	1
4075	1	12	-6	-30	0	15	0	2	35	1	1
4075	1	13	-9	-30	0	15	0	2	35	1	1
4075	1	14	-12	-30	0	15	0	2	35	1	1
4075	1	15	-15	-30	0	15	0	2	35	1	1
4075	1	16	-18	-30	0	15	0	2	35	1	1
4075	1	17	-21	-30	0	15	0	2	35	1	1
4075	1	18	-24	-30	0	15	0	2	35	1	1
4075	1	19	-27	-30	0	15	0	2	35	1	1
4075	1	20	-30	-30	0	15	0	2	35	1	1
4075	1	21	-3	-30	0	101	1	3	35	1	1
4075	1	22	-6	-30	0	101	1	3	35	1	1
4075	1	23	-9	-30	0	101	1	3	35	1	1
4075	1	24	-12	-30	0	101	1	3	35	1	1
4075	1	25	-15	-30	0	101	0	3	35	1	1
4075	1	26	-18	-30	0	101	0	3	35	1	1
4075	1	27	-21	-30	0	101	0	3	35	1	1
4075	1	28	-24	-30	0	101	0	3	35	1	1
4075	1	29	-27	-30	0	101	0	3	35	1	1
4075	1	30	-30	-30	0	101	0	3	35	1	1
4075	1	31	-3	-30	0	29	0	4	35	1	1
4075	1	32	-6	-30	0	29	0	4	35	1	1
4075	1	33	-9	-30	0	29	0	4	35	1	1
4075	1	34	-12	-30	0	29	0	4	35	1	1
4075	1	35	-15	-30	0	29	0	4	35	1	1
4075	1	36	-18	-30	0	29	0	4	35	1	1
4075	1	37	-21	-30	0	29	0	4	35	1	1
4075	1	38	-24	-30	0	29	1	4	35	1	1
4075	1	39	-27	-30	0	29	1	4	35	1	1
4075	1	40	-30	-30	0	29	1	4	35	1	1
4075	1	41	-3	-30	0	56	1	5	35	1	1
4075	1	42	-6	-30	0	56	1	5	35	1	1
4075	1	43	-9	-30	0	56	1	5	35	1	1
4075	1	44	-12	-30	0	56	1	5	35	1	1
4075	1	45	-15	-30	0	56	1	5	35	1	1
4075	1	46	-18	-30	0	56	1	5	35	1	1
4075	1	47	-21	-30	0	56	1	5	35	1	1
4075	1	48	-24	-30	0	56	1	5	35	1	1
4075	1	49	-27	-30	0	56	1	5	35	1	1
4075	1	50	-30	-30	0	56	1	5	35	1	1
4076	2	1	-3	-30	0	15	0	1	36	1	1
4076	2	2	-6	-30	0	15	0	1	36	1	1
4076	2	3	-9	-30	0	15	0	1	36	1	1
4076	2	4	-12	-30	0	15	0	1	36	1	1
4076	2	5	-15	-30	0	15	1	1	36	1	1
4076	2	6	-18	-30	0	15	0	1	36	1	1
4076	2	7	-21	-30	0	15	0	1	36	1	1
4076	2	8	-24	-30	0	15	0	1	36	1	1
4076	2	9	-27	-30	0	15	0	1	36	1	1
4076	2	10	-30	-30	0	15	1	1	36	1	1
4076	2	11	-3	-30	0	29	0	2	36	1	1
4076	2	12	-6	-30	0	29	0	2	36	1	1
4076	2	13	-9	-30	0	29	0	2	36	1	1
4076	2	14	-12	-30	0	29	0	2	36	1	1
4076	2	15	-15	-30	0	29	0	2	36	1	1
4076	2	16	-18	-30	0	29	0	2	36	1	1
4076	2	17	-21	-30	0	29	0	2	36	1	1
4076	2	18	-24	-30	0	29	0	2	36	1	1
4076	2	19	-27	-30	0	29	0	2	36	1	1
4076	2	20	-30	-30	0	29	1	2	36	1	1
4076	2	21	-3	-30	0	7	0	3	36	1	1
4076	2	22	-6	-30	0	7	0	3	36	1	1
4076	2	23	-9	-30	0	7	0	3	36	1	1
4076	2	24	-12	-30	0	7	0	3	36	1	1
4076	2	25	-15	-30	0	7	0	3	36	1	1
4076	2	26	-18	-30	0	7	0	3	36	1	1
4076	2	27	-21	-30	0	7	0	3	36	1	1
4076	2	28	-24	-30	0	7	0	3	36	1	1
4076	2	29	-27	-30	0	7	0	3	36	1	1
4076	2	30	-30	-30	0	7	1	3	36	1	1
4076	2	31	-3	-30	0	56	0	4	36	1	1
4076	2	32	-6	-30	0	56	0	4	36	1	1
4076	2	33	-9	-30	0	56	0	4	36	1	1
4076	2	34	-12	-30	0	56	0	4	36	1	1
4076	2	35	-15	-30	0	56	0	4	36	1	1
4076	2	36	-18	-30	0	56	0	4	36	1	1
4076	2	37	-21	-30	0	56	0	4	36	1	1
4076	2	38	-24	-30	0	56	0	4	36	1	1
4076	2	39	-27	-30	0	56	0	4	36	1	1
4076	2	40	-30	-30	0	56	1	4	36	1	1
4076	2	41	-3	-30	0	101	1	5	36	1	1
4076	2	42	-6	-30	0	101	1	5	36	1	1
4076	2	43	-9	-30	0	101	1	5	36	1	1
4076	2	44	-12	-30	0	101	1	5	36	1	1
4076	2	45	-15	-30	0	101	1	5	36	1	1
4076	2	46	-18	-30	0	101	1	5	36	1	1
4076	2	47	-21	-30	0	101	1	5	36	1	1
4076	2	48	-24	-30	0	101	1	5	36	1	1
4076	2	49	-27	-30	0	101	1	5	36	1	1
4076	2	50	-30	-30	0	101	1	5	36	1	1
4077	3	1	-3	-30	0	29	0	1	37	1	1
4077	3	2	-6	-30	0	29	0	1	37	1	1
4077	3	3	-9	-30	0	29	0	1	37	1	1
4077	3	4	-12	-30	0	29	0	1	37	1	1
4077	3	5	-15	-30	0	29	0	1	37	1	1
4077	3	6	-18	-30	0	29	0	1	37	1	1
4077	3	7	-21	-30	0	29	1	1	37	1	1
4077	3	8	-24	-30	0	29	0	1	37	1	1
4077	3	9	-27	-30	0	29	0	1	37	1	1
4077	3	10	-30	-30	0	29	1	1	37	1	1
4077	3	11	-3	-30	0	56	0	2	37	1	1
4077	3	12	-6	-30	0	56	0	2	37	1	1
4077	3	13	-9	-30	0	56	0	2	37	1	1
4077	3	14	-12	-30	0	56	0	2	37	1	1
4077	3	15	-15	-30	0	56	1	2	37	1	1
4077	3	16	-18	-30	0	56	1	2	37	1	1
4077	3	17	-21	-30	0	56	1	2	37	1	1
4077	3	18	-24	-30	0	56	0	2	37	1	1
4077	3	19	-27	-30	0	56	1	2	37	1	1
4077	3	20	-30	-30	0	56	1	2	37	1	1
4077	3	21	-3	-30	0	15	0	3	37	1	1
4077	3	22	-6	-30	0	15	0	3	37	1	1
4077	3	23	-9	-30	0	15	0	3	37	1	1
4077	3	24	-12	-30	0	15	0	3	37	1	1
4077	3	25	-15	-30	0	15	0	3	37	1	1
4077	3	26	-18	-30	0	15	0	3	37	1	1
4077	3	27	-21	-30	0	15	0	3	37	1	1
4077	3	28	-24	-30	0	15	0	3	37	1	1
4077	3	29	-27	-30	0	15	0	3	37	1	1
4077	3	30	-30	-30	0	15	1	3	37	1	1
4077	3	31	-3	-30	0	101	1	4	37	1	1
4077	3	32	-6	-30	0	101	1	4	37	1	1
4077	3	33	-9	-30	0	101	1	4	37	1	1
4077	3	34	-12	-30	0	101	1	4	37	1	1
4077	3	35	-15	-30	0	101	1	4	37	1	1
4077	3	36	-18	-30	0	101	1	4	37	1	1
4077	3	37	-21	-30	0	101	1	4	37	1	1
4077	3	38	-24	-30	0	101	1	4	37	1	1
4077	3	39	-27	-30	0	101	1	4	37	1	1
4077	3	40	-30	-30	0	101	1	4	37	1	1
4077	3	41	-3	-30	0	7	0	5	37	1	1
4077	3	42	-6	-30	0	7	0	5	37	1	1
4077	3	43	-9	-30	0	7	0	5	37	1	1
4077	3	44	-12	-30	0	7	0	5	37	1	1
4077	3	45	-15	-30	0	7	0	5	37	1	1
4077	3	46	-18	-30	0	7	0	5	37	1	1
4077	3	47	-21	-30	0	7	0	5	37	1	1
4077	3	48	-24	-30	0	7	0	5	37	1	1
4077	3	49	-27	-30	0	7	0	5	37	1	1
4077	3	50	-30	-30	0	7	1	5	37	1	1
4078	3	1	-3	-30	0	29	0	1	38	1	1
4078	3	2	-6	-30	0	29	0	1	38	1	1
4078	3	3	-9	-30	0	29	0	1	38	1	1
4078	3	4	-12	-30	0	29	0	1	38	1	1
4078	3	5	-15	-30	0	29	0	1	38	1	1
4078	3	6	-18	-30	0	29	0	1	38	1	1
4078	3	7	-21	-30	0	29	0	1	38	1	1
4078	3	8	-24	-30	0	29	0	1	38	1	1
4078	3	9	-27	-30	0	29	0	1	38	1	1
4078	3	10	-30	-30	0	29	0	1	38	1	1
4078	3	11	-3	-30	0	56	1	2	38	1	1
4078	3	12	-6	-30	0	56	1	2	38	1	1
4078	3	13	-9	-30	0	56	1	2	38	1	1
4078	3	14	-12	-30	0	56	1	2	38	1	1
4078	3	15	-15	-30	0	56	1	2	38	1	1
4078	3	16	-18	-30	0	56	1	2	38	1	1
4078	3	17	-21	-30	0	56	1	2	38	1	1
4078	3	18	-24	-30	0	56	1	2	38	1	1
4078	3	19	-27	-30	0	56	1	2	38	1	1
4078	3	20	-30	-30	0	56	0	2	38	1	1
4078	3	21	-3	-30	0	15	1	3	38	1	1
4078	3	22	-6	-30	0	15	0	3	38	1	1
4078	3	23	-9	-30	0	15	0	3	38	1	1
4078	3	24	-12	-30	0	15	1	3	38	1	1
4078	3	25	-15	-30	0	15	1	3	38	1	1
4078	3	26	-18	-30	0	15	1	3	38	1	1
4078	3	27	-21	-30	0	15	1	3	38	1	1
4078	3	28	-24	-30	0	15	0	3	38	1	1
4078	3	29	-27	-30	0	15	0	3	38	1	1
4078	3	30	-30	-30	0	15	0	3	38	1	1
4078	3	31	-3	-30	0	101	1	4	38	1	1
4078	3	32	-6	-30	0	101	1	4	38	1	1
4078	3	33	-9	-30	0	101	1	4	38	1	1
4078	3	34	-12	-30	0	101	1	4	38	1	1
4078	3	35	-15	-30	0	101	1	4	38	1	1
4078	3	36	-18	-30	0	101	1	4	38	1	1
4078	3	37	-21	-30	0	101	1	4	38	1	1
4078	3	38	-24	-30	0	101	1	4	38	1	1
4078	3	39	-27	-30	0	101	1	4	38	1	1
4078	3	40	-30	-30	0	101	1	4	38	1	1
4078	3	41	-3	-30	0	7	0	5	38	1	1
4078	3	42	-6	-30	0	7	0	5	38	1	1
4078	3	43	-9	-30	0	7	0	5	38	1	1
4078	3	44	-12	-30	0	7	0	5	38	1	1
4078	3	45	-15	-30	0	7	0	5	38	1	1
4078	3	46	-18	-30	0	7	1	5	38	1	1
4078	3	47	-21	-30	0	7	1	5	38	1	1
4078	3	48	-24	-30	0	7	1	5	38	1	1
4078	3	49	-27	-30	0	7	1	5	38	1	1
4078	3	50	-30	-30	0	7	0	5	38	1	1
4081	5	1	-30	-30	0	101	0	1	39	1	1
4081	5	2	-27	-30	0	101	0	1	39	1	1
4081	5	3	-24	-30	0	101	0	1	39	1	1
4081	5	4	-21	-30	0	101	0	1	39	1	1
4081	5	5	-18	-30	0	101	0	1	39	1	1
4081	5	6	-15	-30	0	101	0	1	39	1	1
4081	5	7	-12	-30	0	101	0	1	39	1	1
4081	5	8	-9	-30	0	101	0	1	39	1	1
4081	5	9	-6	-30	0	101	0	1	39	1	1
4081	5	10	-3	-30	0	101	0	1	39	1	1
4081	5	11	-30	-30	0	7	0	2	39	1	1
4081	5	12	-27	-30	0	7	0	2	39	1	1
4081	5	13	-24	-30	0	7	0	2	39	1	1
4081	5	14	-21	-30	0	7	0	2	39	1	1
4081	5	15	-18	-30	0	7	0	2	39	1	1
4081	5	16	-15	-30	0	7	0	2	39	1	1
4081	5	17	-12	-30	0	7	0	2	39	1	1
4081	5	18	-9	-30	0	7	0	2	39	1	1
4081	5	19	-6	-30	0	7	0	2	39	1	1
4081	5	20	-3	-30	0	7	0	2	39	1	1
4081	5	21	-30	-30	0	56	1	3	39	1	1
4081	5	22	-27	-30	0	56	0	3	39	1	1
4081	5	23	-24	-30	0	56	0	3	39	1	1
4081	5	24	-21	-30	0	56	1	3	39	1	1
4081	5	25	-18	-30	0	56	1	3	39	1	1
4081	5	26	-15	-30	0	56	1	3	39	1	1
4081	5	27	-12	-30	0	56	1	3	39	1	1
4081	5	28	-9	-30	0	56	1	3	39	1	1
4081	5	29	-6	-30	0	56	1	3	39	1	1
4081	5	30	-3	-30	0	56	1	3	39	1	1
4081	5	31	-30	-30	0	15	1	4	39	1	1
4081	5	32	-27	-30	0	15	1	4	39	1	1
4081	5	33	-24	-30	0	15	1	4	39	1	1
4081	5	34	-21	-30	0	15	1	4	39	1	1
4081	5	35	-18	-30	0	15	1	4	39	1	1
4081	5	36	-15	-30	0	15	1	4	39	1	1
4081	5	37	-12	-30	0	15	1	4	39	1	1
4081	5	38	-9	-30	0	15	1	4	39	1	1
4081	5	39	-6	-30	0	15	1	4	39	1	1
4081	5	40	-3	-30	0	15	1	4	39	1	1
4081	5	41	-30	-30	0	29	1	5	39	1	1
4081	5	42	-27	-30	0	29	1	5	39	1	1
4081	5	43	-24	-30	0	29	1	5	39	1	1
4081	5	44	-21	-30	0	29	1	5	39	1	1
4081	5	45	-18	-30	0	29	1	5	39	1	1
4081	5	46	-15	-30	0	29	1	5	39	1	1
4081	5	47	-12	-30	0	29	1	5	39	1	1
4081	5	48	-9	-30	0	29	1	5	39	1	1
4081	5	49	-6	-30	0	29	1	5	39	1	1
4081	5	50	-3	-30	0	29	1	5	39	1	1
4083	6	1	-3	-30	0	56	0	1	40	1	1
4083	6	2	-6	-30	0	56	0	1	40	1	1
4083	6	3	-9	-30	0	56	0	1	40	1	1
4083	6	4	-12	-30	0	56	0	1	40	1	1
4083	6	5	-15	-30	0	56	0	1	40	1	1
4083	6	6	-18	-30	0	56	0	1	40	1	1
4083	6	7	-21	-30	0	56	0	1	40	1	1
4083	6	8	-24	-30	0	56	0	1	40	1	1
4083	6	9	-27	-30	0	56	0	1	40	1	1
4083	6	10	-30	-30	0	56	0	1	40	1	1
4083	6	11	-3	-30	0	29	0	2	40	1	1
4083	6	12	-6	-30	0	29	0	2	40	1	1
4083	6	13	-9	-30	0	29	0	2	40	1	1
4083	6	14	-12	-30	0	29	0	2	40	1	1
4083	6	15	-15	-30	0	29	0	2	40	1	1
4083	6	16	-18	-30	0	29	0	2	40	1	1
4083	6	17	-21	-30	0	29	0	2	40	1	1
4083	6	18	-24	-30	0	29	0	2	40	1	1
4083	6	19	-27	-30	0	29	0	2	40	1	1
4083	6	20	-30	-30	0	29	0	2	40	1	1
4083	6	21	-3	-30	0	101	0	3	40	1	1
4083	6	22	-6	-30	0	101	0	3	40	1	1
4083	6	23	-9	-30	0	101	1	3	40	1	1
4083	6	24	-12	-30	0	101	1	3	40	1	1
4083	6	25	-15	-30	0	101	1	3	40	1	1
4083	6	26	-18	-30	0	101	1	3	40	1	1
4083	6	27	-21	-30	0	101	1	3	40	1	1
4083	6	28	-24	-30	0	101	1	3	40	1	1
4083	6	29	-27	-30	0	101	1	3	40	1	1
4083	6	30	-30	-30	0	101	1	3	40	1	1
4083	6	31	-3	-30	0	15	0	4	40	1	1
4083	6	32	-6	-30	0	15	0	4	40	1	1
4083	6	33	-9	-30	0	15	0	4	40	1	1
4083	6	34	-12	-30	0	15	0	4	40	1	1
4083	6	35	-15	-30	0	15	0	4	40	1	1
4083	6	36	-18	-30	0	15	0	4	40	1	1
4083	6	37	-21	-30	0	15	0	4	40	1	1
4083	6	38	-24	-30	0	15	0	4	40	1	1
4083	6	39	-27	-30	0	15	0	4	40	1	1
4083	6	40	-30	-30	0	15	1	4	40	1	1
4083	6	41	-3	-30	0	7	0	5	40	1	1
4083	6	42	-6	-30	0	7	0	5	40	1	1
4083	6	43	-9	-30	0	7	0	5	40	1	1
4083	6	44	-12	-30	0	7	0	5	40	1	1
4083	6	45	-15	-30	0	7	0	5	40	1	1
4083	6	46	-18	-30	0	7	0	5	40	1	1
4083	6	47	-21	-30	0	7	0	5	40	1	1
4083	6	48	-24	-30	0	7	0	5	40	1	1
4083	6	49	-27	-30	0	7	0	5	40	1	1
4083	6	50	-30	-30	0	7	1	5	40	1	1
4086	7	1	-3	-30	0	101	1	1	41	1	1
4086	7	2	-6	-30	0	101	1	1	41	1	1
4086	7	3	-9	-30	0	101	1	1	41	1	1
4086	7	4	-12	-30	0	101	1	1	41	1	1
4086	7	5	-15	-30	0	101	1	1	41	1	1
4086	7	6	-18	-30	0	101	1	1	41	1	1
4086	7	7	-21	-30	0	101	1	1	41	1	1
4086	7	8	-24	-30	0	101	1	1	41	1	1
4086	7	9	-27	-30	0	101	1	1	41	1	1
4086	7	10	-30	-30	0	101	1	1	41	1	1
4086	7	11	-3	-30	0	56	1	2	41	1	1
4086	7	12	-6	-30	0	56	1	2	41	1	1
4086	7	13	-9	-30	0	56	1	2	41	1	1
4086	7	14	-12	-30	0	56	1	2	41	1	1
4086	7	15	-15	-30	0	56	1	2	41	1	1
4086	7	16	-18	-30	0	56	1	2	41	1	1
4086	7	17	-21	-30	0	56	1	2	41	1	1
4086	7	18	-24	-30	0	56	1	2	41	1	1
4086	7	19	-27	-30	0	56	1	2	41	1	1
4086	7	20	-30	-30	0	56	1	2	41	1	1
4086	7	21	-3	-30	0	7	0	3	41	1	1
4086	7	22	-6	-30	0	7	0	3	41	1	1
4086	7	23	-9	-30	0	7	0	3	41	1	1
4086	7	24	-12	-30	0	7	0	3	41	1	1
4086	7	25	-15	-30	0	7	0	3	41	1	1
4086	7	26	-18	-30	0	7	0	3	41	1	1
4086	7	27	-21	-30	0	7	1	3	41	1	1
4086	7	28	-24	-30	0	7	1	3	41	1	1
4086	7	29	-27	-30	0	7	1	3	41	1	1
4086	7	30	-30	-30	0	7	1	3	41	1	1
4086	7	31	-3	-30	0	29	1	4	41	1	1
4086	7	32	-6	-30	0	29	1	4	41	1	1
4086	7	33	-9	-30	0	29	1	4	41	1	1
4086	7	34	-12	-30	0	29	1	4	41	1	1
4086	7	35	-15	-30	0	29	1	4	41	1	1
4086	7	36	-18	-30	0	29	1	4	41	1	1
4086	7	37	-21	-30	0	29	1	4	41	1	1
4086	7	38	-24	-30	0	29	1	4	41	1	1
4086	7	39	-27	-30	0	29	1	4	41	1	1
4086	7	40	-30	-30	0	29	1	4	41	1	1
4086	7	41	-3	-30	0	15	1	5	41	1	1
4086	7	42	-6	-30	0	15	1	5	41	1	1
4086	7	43	-9	-30	0	15	1	5	41	1	1
4086	7	44	-12	-30	0	15	1	5	41	1	1
4086	7	45	-15	-30	0	15	1	5	41	1	1
4086	7	46	-18	-30	0	15	1	5	41	1	1
4086	7	47	-21	-30	0	15	1	5	41	1	1
4086	7	48	-24	-30	0	15	1	5	41	1	1
4086	7	49	-27	-30	0	15	1	5	41	1	1
4086	7	50	-30	-30	0	15	1	5	41	1	1
4091	8	1	-30	-30	0	7	1	1	42	1	1
4091	8	2	-27	-30	0	7	0	1	42	1	1
4091	8	3	-24	-30	0	7	0	1	42	1	1
4091	8	4	-21	-30	0	7	0	1	42	1	1
4091	8	5	-18	-30	0	7	0	1	42	1	1
4091	8	6	-15	-30	0	7	0	1	42	1	1
4091	8	7	-12	-30	0	7	0	1	42	1	1
4091	8	8	-9	-30	0	7	0	1	42	1	1
4091	8	9	-6	-30	0	7	0	1	42	1	1
4091	8	10	-3	-30	0	7	0	1	42	1	1
4091	8	11	-30	-30	0	101	1	2	42	1	1
4091	8	12	-27	-30	0	101	1	2	42	1	1
4091	8	13	-24	-30	0	101	1	2	42	1	1
4091	8	14	-21	-30	0	101	1	2	42	1	1
4091	8	15	-18	-30	0	101	1	2	42	1	1
4091	8	16	-15	-30	0	101	0	2	42	1	1
4091	8	17	-12	-30	0	101	1	2	42	1	1
4091	8	18	-9	-30	0	101	0	2	42	1	1
4091	8	19	-6	-30	0	101	0	2	42	1	1
4091	8	20	-3	-30	0	101	0	2	42	1	1
4091	8	21	-30	-30	0	15	1	3	42	1	1
4091	8	22	-27	-30	0	15	1	3	42	1	1
4091	8	23	-24	-30	0	15	1	3	42	1	1
4091	8	24	-21	-30	0	15	1	3	42	1	1
4091	8	25	-18	-30	0	15	1	3	42	1	1
4091	8	26	-15	-30	0	15	0	3	42	1	1
4091	8	27	-12	-30	0	15	0	3	42	1	1
4091	8	28	-9	-30	0	15	0	3	42	1	1
4091	8	29	-6	-30	0	15	0	3	42	1	1
4091	8	30	-3	-30	0	15	0	3	42	1	1
4091	8	31	-30	-30	0	56	1	4	42	1	1
4091	8	32	-27	-30	0	56	1	4	42	1	1
4091	8	33	-24	-30	0	56	1	4	42	1	1
4091	8	34	-21	-30	0	56	1	4	42	1	1
4091	8	35	-18	-30	0	56	1	4	42	1	1
4091	8	36	-15	-30	0	56	0	4	42	1	1
4091	8	37	-12	-30	0	56	0	4	42	1	1
4091	8	38	-9	-30	0	56	0	4	42	1	1
4091	8	39	-6	-30	0	56	0	4	42	1	1
4091	8	40	-3	-30	0	56	0	4	42	1	1
4091	8	41	-30	-30	0	29	1	5	42	1	1
4091	8	42	-27	-30	0	29	1	5	42	1	1
4091	8	43	-24	-30	0	29	1	5	42	1	1
4091	8	44	-21	-30	0	29	1	5	42	1	1
4091	8	45	-18	-30	0	29	1	5	42	1	1
4091	8	46	-15	-30	0	29	0	5	42	1	1
4091	8	47	-12	-30	0	29	0	5	42	1	1
4091	8	48	-9	-30	0	29	0	5	42	1	1
4091	8	49	-6	-30	0	29	0	5	42	1	1
4091	8	50	-3	-30	0	29	0	5	42	1	1
4096	10	1	-3	-30	0	29	0	1	43	1	1
4096	10	2	-6	-30	0	29	1	1	43	1	1
4096	10	3	-9	-30	0	29	0	1	43	1	1
4096	10	4	-12	-30	0	29	1	1	43	1	1
4096	10	5	-15	-30	0	29	1	1	43	1	1
4096	10	6	-18	-30	0	29	1	1	43	1	1
4096	10	7	-21	-30	0	29	1	1	43	1	1
4096	10	8	-24	-30	0	29	1	1	43	1	1
4096	10	9	-27	-30	0	29	1	1	43	1	1
4096	10	10	-30	-30	0	29	1	1	43	1	1
4096	10	11	-3	-30	0	15	0	2	43	1	1
4096	10	12	-6	-30	0	15	0	2	43	1	1
4096	10	13	-9	-30	0	15	0	2	43	1	1
4096	10	14	-12	-30	0	15	1	2	43	1	1
4096	10	15	-15	-30	0	15	1	2	43	1	1
4096	10	16	-18	-30	0	15	1	2	43	1	1
4096	10	17	-21	-30	0	15	1	2	43	1	1
4096	10	18	-24	-30	0	15	1	2	43	1	1
4096	10	19	-27	-30	0	15	1	2	43	1	1
4096	10	20	-30	-30	0	15	1	2	43	1	1
4096	10	21	-3	-30	0	56	1	3	43	1	1
4096	10	22	-6	-30	0	56	1	3	43	1	1
4096	10	23	-9	-30	0	56	1	3	43	1	1
4096	10	24	-12	-30	0	56	1	3	43	1	1
4096	10	25	-15	-30	0	56	1	3	43	1	1
4096	10	26	-18	-30	0	56	1	3	43	1	1
4096	10	27	-21	-30	0	56	1	3	43	1	1
4096	10	28	-24	-30	0	56	1	3	43	1	1
4096	10	29	-27	-30	0	56	1	3	43	1	1
4096	10	30	-30	-30	0	56	1	3	43	1	1
4096	10	31	-3	-30	0	7	0	4	43	1	1
4096	10	32	-6	-30	0	7	0	4	43	1	1
4096	10	33	-9	-30	0	7	1	4	43	1	1
4096	10	34	-12	-30	0	7	1	4	43	1	1
4096	10	35	-15	-30	0	7	1	4	43	1	1
4096	10	36	-18	-30	0	7	1	4	43	1	1
4096	10	37	-21	-30	0	7	1	4	43	1	1
4096	10	38	-24	-30	0	7	1	4	43	1	1
4096	10	39	-27	-30	0	7	1	4	43	1	1
4096	10	40	-30	-30	0	7	1	4	43	1	1
4096	10	41	-3	-30	0	101	1	5	43	1	1
4096	10	42	-6	-30	0	101	1	5	43	1	1
4096	10	43	-9	-30	0	101	1	5	43	1	1
4096	10	44	-12	-30	0	101	1	5	43	1	1
4096	10	45	-15	-30	0	101	1	5	43	1	1
4096	10	46	-18	-30	0	101	1	5	43	1	1
4096	10	47	-21	-30	0	101	1	5	43	1	1
4096	10	48	-24	-30	0	101	1	5	43	1	1
4096	10	49	-27	-30	0	101	1	5	43	1	1
4096	10	50	-30	-30	0	101	1	5	43	1	1
4097	1	1	-3	-30	0	7	0	1	44	1	1
4097	1	2	-6	-30	0	7	0	1	44	1	1
4097	1	3	-9	-30	0	7	0	1	44	1	1
4097	1	4	-12	-30	0	7	0	1	44	1	1
4097	1	5	-15	-30	0	7	0	1	44	1	1
4097	1	6	-18	-30	0	7	0	1	44	1	1
4097	1	7	-21	-30	0	7	0	1	44	1	1
4097	1	8	-24	-30	0	7	0	1	44	1	1
4097	1	9	-27	-30	0	7	1	1	44	1	1
4097	1	10	-30	-30	0	7	1	1	44	1	1
4097	1	11	-3	-30	0	15	0	2	44	1	1
4097	1	12	-6	-30	0	15	0	2	44	1	1
4097	1	13	-9	-30	0	15	0	2	44	1	1
4097	1	14	-12	-30	0	15	0	2	44	1	1
4097	1	15	-15	-30	0	15	0	2	44	1	1
4097	1	16	-18	-30	0	15	0	2	44	1	1
4097	1	17	-21	-30	0	15	1	2	44	1	1
4097	1	18	-24	-30	0	15	1	2	44	1	1
4097	1	19	-27	-30	0	15	1	2	44	1	1
4097	1	20	-30	-30	0	15	1	2	44	1	1
4097	1	21	-3	-30	0	101	0	3	44	1	1
4097	1	22	-6	-30	0	101	1	3	44	1	1
4097	1	23	-9	-30	0	101	1	3	44	1	1
4097	1	24	-12	-30	0	101	0	3	44	1	1
4097	1	25	-15	-30	0	101	0	3	44	1	1
4097	1	26	-18	-30	0	101	0	3	44	1	1
4097	1	27	-21	-30	0	101	1	3	44	1	1
4097	1	28	-24	-30	0	101	1	3	44	1	1
4097	1	29	-27	-30	0	101	1	3	44	1	1
4097	1	30	-30	-30	0	101	1	3	44	1	1
4097	1	31	-3	-30	0	29	0	4	44	1	1
4097	1	32	-6	-30	0	29	0	4	44	1	1
4097	1	33	-9	-30	0	29	0	4	44	1	1
4097	1	34	-12	-30	0	29	0	4	44	1	1
4097	1	35	-15	-30	0	29	0	4	44	1	1
4097	1	36	-18	-30	0	29	0	4	44	1	1
4097	1	37	-21	-30	0	29	0	4	44	1	1
4097	1	38	-24	-30	0	29	1	4	44	1	1
4097	1	39	-27	-30	0	29	1	4	44	1	1
4097	1	40	-30	-30	0	29	1	4	44	1	1
4097	1	41	-3	-30	0	56	0	5	44	1	1
4097	1	42	-6	-30	0	56	0	5	44	1	1
4097	1	43	-9	-30	0	56	0	5	44	1	1
4097	1	44	-12	-30	0	56	0	5	44	1	1
4097	1	45	-15	-30	0	56	0	5	44	1	1
4097	1	46	-18	-30	0	56	0	5	44	1	1
4097	1	47	-21	-30	0	56	1	5	44	1	1
4097	1	48	-24	-30	0	56	1	5	44	1	1
4097	1	49	-27	-30	0	56	1	5	44	1	1
4097	1	50	-30	-30	0	56	1	5	44	1	1
