Participant	block_order	trial	A	B	DA	DB	R	index	ID	PA	PB
3001	1	1	30	30	0	7	0	1	1	1	1
3001	1	2	27	30	0	7	0	1	1	1	1
3001	1	3	24	30	0	7	1	1	1	1	1
3001	1	4	21	30	0	7	0	1	1	1	1
3001	1	5	18	30	0	7	1	1	1	1	1
3001	1	6	15	30	0	7	1	1	1	1	1
3001	1	7	12	30	0	7	1	1	1	1	1
3001	1	8	9	30	0	7	1	1	1	1	1
3001	1	9	6	30	0	7	1	1	1	1	1
3001	1	10	3	30	0	7	1	1	1	1	1
3001	1	11	30	30	0	15	0	2	1	1	1
3001	1	12	27	30	0	15	0	2	1	1	1
3001	1	13	24	30	0	15	0	2	1	1	1
3001	1	14	21	30	0	15	1	2	1	1	1
3001	1	15	18	30	0	15	1	2	1	1	1
3001	1	16	15	30	0	15	0	2	1	1	1
3001	1	17	12	30	0	15	1	2	1	1	1
3001	1	18	9	30	0	15	1	2	1	1	1
3001	1	19	6	30	0	15	1	2	1	1	1
3001	1	20	3	30	0	15	1	2	1	1	1
3001	1	21	30	30	0	101	0	3	1	1	1
3001	1	22	27	30	0	101	0	3	1	1	1
3001	1	23	24	30	0	101	0	3	1	1	1
3001	1	24	21	30	0	101	1	3	1	1	1
3001	1	25	18	30	0	101	1	3	1	1	1
3001	1	26	15	30	0	101	1	3	1	1	1
3001	1	27	12	30	0	101	1	3	1	1	1
3001	1	28	9	30	0	101	0	3	1	1	1
3001	1	29	6	30	0	101	1	3	1	1	1
3001	1	30	3	30	0	101	1	3	1	1	1
3001	1	31	30	30	0	29	0	4	1	1	1
3001	1	32	27	30	0	29	0	4	1	1	1
3001	1	33	24	30	0	29	1	4	1	1	1
3001	1	34	21	30	0	29	0	4	1	1	1
3001	1	35	18	30	0	29	0	4	1	1	1
3001	1	36	15	30	0	29	1	4	1	1	1
3001	1	37	12	30	0	29	1	4	1	1	1
3001	1	38	9	30	0	29	1	4	1	1	1
3001	1	39	6	30	0	29	1	4	1	1	1
3001	1	40	3	30	0	29	1	4	1	1	1
3001	1	41	30	30	0	56	0	5	1	1	1
3001	1	42	27	30	0	56	0	5	1	1	1
3001	1	43	24	30	0	56	0	5	1	1	1
3001	1	44	21	30	0	56	0	5	1	1	1
3001	1	45	18	30	0	56	1	5	1	1	1
3001	1	46	15	30	0	56	1	5	1	1	1
3001	1	47	12	30	0	56	1	5	1	1	1
3001	1	48	9	30	0	56	1	5	1	1	1
3001	1	49	6	30	0	56	1	5	1	1	1
3001	1	50	3	30	0	56	1	5	1	1	1
3002	2	1	3	30	0	15	1	1	2	1	1
3002	2	2	6	30	0	15	1	1	2	1	1
3002	2	3	9	30	0	15	1	1	2	1	1
3002	2	4	12	30	0	15	0	1	2	1	1
3002	2	5	15	30	0	15	0	1	2	1	1
3002	2	6	18	30	0	15	0	1	2	1	1
3002	2	7	21	30	0	15	0	1	2	1	1
3002	2	8	24	30	0	15	0	1	2	1	1
3002	2	9	27	30	0	15	0	1	2	1	1
3002	2	10	30	30	0	15	0	1	2	1	1
3002	2	11	3	30	0	29	1	2	2	1	1
3002	2	12	6	30	0	29	0	2	2	1	1
3002	2	13	9	30	0	29	0	2	2	1	1
3002	2	14	12	30	0	29	0	2	2	1	1
3002	2	15	15	30	0	29	0	2	2	1	1
3002	2	16	18	30	0	29	0	2	2	1	1
3002	2	17	21	30	0	29	0	2	2	1	1
3002	2	18	24	30	0	29	0	2	2	1	1
3002	2	19	27	30	0	29	1	2	2	1	1
3002	2	20	30	30	0	29	0	2	2	1	1
3002	2	21	3	30	0	7	0	3	2	1	1
3002	2	22	6	30	0	7	0	3	2	1	1
3002	2	23	9	30	0	7	1	3	2	1	1
3002	2	24	12	30	0	7	1	3	2	1	1
3002	2	25	15	30	0	7	0	3	2	1	1
3002	2	26	18	30	0	7	0	3	2	1	1
3002	2	27	21	30	0	7	0	3	2	1	1
3002	2	28	24	30	0	7	0	3	2	1	1
3002	2	29	27	30	0	7	0	3	2	1	1
3002	2	30	30	30	0	7	1	3	2	1	1
3002	2	31	3	30	0	56	0	4	2	1	1
3002	2	32	6	30	0	56	0	4	2	1	1
3002	2	33	9	30	0	56	1	4	2	1	1
3002	2	34	12	30	0	56	0	4	2	1	1
3002	2	35	15	30	0	56	0	4	2	1	1
3002	2	36	18	30	0	56	0	4	2	1	1
3002	2	37	21	30	0	56	0	4	2	1	1
3002	2	38	24	30	0	56	0	4	2	1	1
3002	2	39	27	30	0	56	0	4	2	1	1
3002	2	40	30	30	0	56	0	4	2	1	1
3002	2	41	3	30	0	101	1	5	2	1	1
3002	2	42	6	30	0	101	0	5	2	1	1
3002	2	43	9	30	0	101	0	5	2	1	1
3002	2	44	12	30	0	101	0	5	2	1	1
3002	2	45	15	30	0	101	0	5	2	1	1
3002	2	46	18	30	0	101	1	5	2	1	1
3002	2	47	21	30	0	101	0	5	2	1	1
3002	2	48	24	30	0	101	0	5	2	1	1
3002	2	49	27	30	0	101	0	5	2	1	1
3002	2	50	30	30	0	101	0	5	2	1	1
3003	3	1	30	30	0	29	0	1	3	1	1
3003	3	2	27	30	0	29	0	1	3	1	1
3003	3	3	24	30	0	29	1	1	3	1	1
3003	3	4	21	30	0	29	1	1	3	1	1
3003	3	5	18	30	0	29	1	1	3	1	1
3003	3	6	15	30	0	29	1	1	3	1	1
3003	3	7	12	30	0	29	1	1	3	1	1
3003	3	8	9	30	0	29	1	1	3	1	1
3003	3	9	6	30	0	29	1	1	3	1	1
3003	3	10	3	30	0	29	1	1	3	1	1
3003	3	11	30	30	0	56	0	2	3	1	1
3003	3	12	27	30	0	56	0	2	3	1	1
3003	3	13	24	30	0	56	0	2	3	1	1
3003	3	14	21	30	0	56	0	2	3	1	1
3003	3	15	18	30	0	56	1	2	3	1	1
3003	3	16	15	30	0	56	1	2	3	1	1
3003	3	17	12	30	0	56	1	2	3	1	1
3003	3	18	9	30	0	56	1	2	3	1	1
3003	3	19	6	30	0	56	1	2	3	1	1
3003	3	20	3	30	0	56	1	2	3	1	1
3003	3	21	30	30	0	15	0	3	3	1	1
3003	3	22	27	30	0	15	1	3	3	1	1
3003	3	23	24	30	0	15	1	3	3	1	1
3003	3	24	21	30	0	15	1	3	3	1	1
3003	3	25	18	30	0	15	1	3	3	1	1
3003	3	26	15	30	0	15	1	3	3	1	1
3003	3	27	12	30	0	15	1	3	3	1	1
3003	3	28	9	30	0	15	1	3	3	1	1
3003	3	29	6	30	0	15	1	3	3	1	1
3003	3	30	3	30	0	15	1	3	3	1	1
3003	3	31	30	30	0	101	0	4	3	1	1
3003	3	32	27	30	0	101	0	4	3	1	1
3003	3	33	24	30	0	101	0	4	3	1	1
3003	3	34	21	30	0	101	0	4	3	1	1
3003	3	35	18	30	0	101	1	4	3	1	1
3003	3	36	15	30	0	101	1	4	3	1	1
3003	3	37	12	30	0	101	1	4	3	1	1
3003	3	38	9	30	0	101	1	4	3	1	1
3003	3	39	6	30	0	101	1	4	3	1	1
3003	3	40	3	30	0	101	1	4	3	1	1
3003	3	41	30	30	0	7	0	5	3	1	1
3003	3	42	27	30	0	7	1	5	3	1	1
3003	3	43	24	30	0	7	1	5	3	1	1
3003	3	44	21	30	0	7	1	5	3	1	1
3003	3	45	18	30	0	7	1	5	3	1	1
3003	3	46	15	30	0	7	1	5	3	1	1
3003	3	47	12	30	0	7	1	5	3	1	1
3003	3	48	9	30	0	7	1	5	3	1	1
3003	3	49	6	30	0	7	1	5	3	1	1
3003	3	50	3	30	0	7	1	5	3	1	1
3005	4	1	30	30	0	56	0	1	4	1	1
3005	4	2	27	30	0	56	0	1	4	1	1
3005	4	3	24	30	0	56	0	1	4	1	1
3005	4	4	21	30	0	56	1	1	4	1	1
3005	4	5	18	30	0	56	1	1	4	1	1
3005	4	6	15	30	0	56	1	1	4	1	1
3005	4	7	12	30	0	56	1	1	4	1	1
3005	4	8	9	30	0	56	1	1	4	1	1
3005	4	9	6	30	0	56	1	1	4	1	1
3005	4	10	3	30	0	56	1	1	4	1	1
3005	4	11	30	30	0	101	0	2	4	1	1
3005	4	12	27	30	0	101	0	2	4	1	1
3005	4	13	24	30	0	101	0	2	4	1	1
3005	4	14	21	30	0	101	0	2	4	1	1
3005	4	15	18	30	0	101	0	2	4	1	1
3005	4	16	15	30	0	101	1	2	4	1	1
3005	4	17	12	30	0	101	1	2	4	1	1
3005	4	18	9	30	0	101	1	2	4	1	1
3005	4	19	6	30	0	101	1	2	4	1	1
3005	4	20	3	30	0	101	1	2	4	1	1
3005	4	21	30	30	0	29	0	3	4	1	1
3005	4	22	27	30	0	29	0	3	4	1	1
3005	4	23	24	30	0	29	1	3	4	1	1
3005	4	24	21	30	0	29	1	3	4	1	1
3005	4	25	18	30	0	29	1	3	4	1	1
3005	4	26	15	30	0	29	1	3	4	1	1
3005	4	27	12	30	0	29	1	3	4	1	1
3005	4	28	9	30	0	29	1	3	4	1	1
3005	4	29	6	30	0	29	1	3	4	1	1
3005	4	30	3	30	0	29	1	3	4	1	1
3005	4	31	30	30	0	7	0	4	4	1	1
3005	4	32	27	30	0	7	1	4	4	1	1
3005	4	33	24	30	0	7	1	4	4	1	1
3005	4	34	21	30	0	7	1	4	4	1	1
3005	4	35	18	30	0	7	1	4	4	1	1
3005	4	36	15	30	0	7	1	4	4	1	1
3005	4	37	12	30	0	7	1	4	4	1	1
3005	4	38	9	30	0	7	1	4	4	1	1
3005	4	39	6	30	0	7	1	4	4	1	1
3005	4	40	3	30	0	7	1	4	4	1	1
3005	4	41	30	30	0	15	0	5	4	1	1
3005	4	42	27	30	0	15	1	5	4	1	1
3005	4	43	24	30	0	15	1	5	4	1	1
3005	4	44	21	30	0	15	1	5	4	1	1
3005	4	45	18	30	0	15	1	5	4	1	1
3005	4	46	15	30	0	15	1	5	4	1	1
3005	4	47	12	30	0	15	1	5	4	1	1
3005	4	48	9	30	0	15	1	5	4	1	1
3005	4	49	6	30	0	15	1	5	4	1	1
3005	4	50	3	30	0	15	1	5	4	1	1
3007	5	1	30	30	0	101	0	1	5	1	1
3007	5	2	27	30	0	101	0	1	5	1	1
3007	5	3	24	30	0	101	1	1	5	1	1
3007	5	4	21	30	0	101	1	1	5	1	1
3007	5	5	18	30	0	101	0	1	5	1	1
3007	5	6	15	30	0	101	0	1	5	1	1
3007	5	7	12	30	0	101	1	1	5	1	1
3007	5	8	9	30	0	101	1	1	5	1	1
3007	5	9	6	30	0	101	1	1	5	1	1
3007	5	10	3	30	0	101	1	1	5	1	1
3007	5	11	30	30	0	7	0	2	5	1	1
3007	5	12	27	30	0	7	1	2	5	1	1
3007	5	13	24	30	0	7	1	2	5	1	1
3007	5	14	21	30	0	7	1	2	5	1	1
3007	5	15	18	30	0	7	1	2	5	1	1
3007	5	16	15	30	0	7	1	2	5	1	1
3007	5	17	12	30	0	7	1	2	5	1	1
3007	5	18	9	30	0	7	1	2	5	1	1
3007	5	19	6	30	0	7	1	2	5	1	1
3007	5	20	3	30	0	7	1	2	5	1	1
3007	5	21	30	30	0	56	0	3	5	1	1
3007	5	22	27	30	0	56	0	3	5	1	1
3007	5	23	24	30	0	56	1	3	5	1	1
3007	5	24	21	30	0	56	1	3	5	1	1
3007	5	25	18	30	0	56	1	3	5	1	1
3007	5	26	15	30	0	56	1	3	5	1	1
3007	5	27	12	30	0	56	1	3	5	1	1
3007	5	28	9	30	0	56	1	3	5	1	1
3007	5	29	6	30	0	56	1	3	5	1	1
3007	5	30	3	30	0	56	1	3	5	1	1
3007	5	31	30	30	0	15	0	4	5	1	1
3007	5	32	27	30	0	15	0	4	5	1	1
3007	5	33	24	30	0	15	0	4	5	1	1
3007	5	34	21	30	0	15	0	4	5	1	1
3007	5	35	18	30	0	15	1	4	5	1	1
3007	5	36	15	30	0	15	1	4	5	1	1
3007	5	37	12	30	0	15	1	4	5	1	1
3007	5	38	9	30	0	15	1	4	5	1	1
3007	5	39	6	30	0	15	1	4	5	1	1
3007	5	40	3	30	0	15	1	4	5	1	1
3007	5	41	30	30	0	29	0	5	5	1	1
3007	5	42	27	30	0	29	0	5	5	1	1
3007	5	43	24	30	0	29	0	5	5	1	1
3007	5	44	21	30	0	29	0	5	5	1	1
3007	5	45	18	30	0	29	1	5	5	1	1
3007	5	46	15	30	0	29	1	5	5	1	1
3007	5	47	12	30	0	29	1	5	5	1	1
3007	5	48	9	30	0	29	1	5	5	1	1
3007	5	49	6	30	0	29	1	5	5	1	1
3007	5	50	3	30	0	29	1	5	5	1	1
3010	6	1	3	30	0	56	0	1	6	1	1
3010	6	2	6	30	0	56	0	1	6	1	1
3010	6	3	9	30	0	56	0	1	6	1	1
3010	6	4	12	30	0	56	0	1	6	1	1
3010	6	5	15	30	0	56	0	1	6	1	1
3010	6	6	18	30	0	56	0	1	6	1	1
3010	6	7	21	30	0	56	0	1	6	1	1
3010	6	8	24	30	0	56	0	1	6	1	1
3010	6	9	27	30	0	56	0	1	6	1	1
3010	6	10	30	30	0	56	0	1	6	1	1
3010	6	11	3	30	0	29	0	2	6	1	1
3010	6	12	6	30	0	29	0	2	6	1	1
3010	6	13	9	30	0	29	0	2	6	1	1
3010	6	14	12	30	0	29	0	2	6	1	1
3010	6	15	15	30	0	29	0	2	6	1	1
3010	6	16	18	30	0	29	0	2	6	1	1
3010	6	17	21	30	0	29	0	2	6	1	1
3010	6	18	24	30	0	29	0	2	6	1	1
3010	6	19	27	30	0	29	0	2	6	1	1
3010	6	20	30	30	0	29	0	2	6	1	1
3010	6	21	3	30	0	101	0	3	6	1	1
3010	6	22	6	30	0	101	0	3	6	1	1
3010	6	23	9	30	0	101	0	3	6	1	1
3010	6	24	12	30	0	101	0	3	6	1	1
3010	6	25	15	30	0	101	0	3	6	1	1
3010	6	26	18	30	0	101	0	3	6	1	1
3010	6	27	21	30	0	101	0	3	6	1	1
3010	6	28	24	30	0	101	0	3	6	1	1
3010	6	29	27	30	0	101	0	3	6	1	1
3010	6	30	30	30	0	101	0	3	6	1	1
3010	6	31	3	30	0	15	1	4	6	1	1
3010	6	32	6	30	0	15	1	4	6	1	1
3010	6	33	9	30	0	15	1	4	6	1	1
3010	6	34	12	30	0	15	1	4	6	1	1
3010	6	35	15	30	0	15	1	4	6	1	1
3010	6	36	18	30	0	15	0	4	6	1	1
3010	6	37	21	30	0	15	0	4	6	1	1
3010	6	38	24	30	0	15	0	4	6	1	1
3010	6	39	27	30	0	15	0	4	6	1	1
3010	6	40	30	30	0	15	0	4	6	1	1
3010	6	41	3	30	0	7	1	5	6	1	1
3010	6	42	6	30	0	7	1	5	6	1	1
3010	6	43	9	30	0	7	1	5	6	1	1
3010	6	44	12	30	0	7	1	5	6	1	1
3010	6	45	15	30	0	7	1	5	6	1	1
3010	6	46	18	30	0	7	1	5	6	1	1
3010	6	47	21	30	0	7	0	5	6	1	1
3010	6	48	24	30	0	7	0	5	6	1	1
3010	6	49	27	30	0	7	0	5	6	1	1
3010	6	50	30	30	0	7	0	5	6	1	1
3011	7	1	30	30	0	101	0	1	7	1	1
3011	7	2	27	30	0	101	1	1	7	1	1
3011	7	3	24	30	0	101	0	1	7	1	1
3011	7	4	21	30	0	101	1	1	7	1	1
3011	7	5	18	30	0	101	1	1	7	1	1
3011	7	6	15	30	0	101	1	1	7	1	1
3011	7	7	12	30	0	101	1	1	7	1	1
3011	7	8	9	30	0	101	1	1	7	1	1
3011	7	9	6	30	0	101	1	1	7	1	1
3011	7	10	3	30	0	101	1	1	7	1	1
3011	7	11	30	30	0	56	0	2	7	1	1
3011	7	12	27	30	0	56	0	2	7	1	1
3011	7	13	24	30	0	56	1	2	7	1	1
3011	7	14	21	30	0	56	1	2	7	1	1
3011	7	15	18	30	0	56	1	2	7	1	1
3011	7	16	15	30	0	56	1	2	7	1	1
3011	7	17	12	30	0	56	1	2	7	1	1
3011	7	18	9	30	0	56	1	2	7	1	1
3011	7	19	6	30	0	56	1	2	7	1	1
3011	7	20	3	30	0	56	1	2	7	1	1
3011	7	21	30	30	0	7	0	3	7	1	1
3011	7	22	27	30	0	7	0	3	7	1	1
3011	7	23	24	30	0	7	1	3	7	1	1
3011	7	24	21	30	0	7	1	3	7	1	1
3011	7	25	18	30	0	7	1	3	7	1	1
3011	7	26	15	30	0	7	1	3	7	1	1
3011	7	27	12	30	0	7	1	3	7	1	1
3011	7	28	9	30	0	7	1	3	7	1	1
3011	7	29	6	30	0	7	1	3	7	1	1
3011	7	30	3	30	0	7	1	3	7	1	1
3011	7	31	30	30	0	29	0	4	7	1	1
3011	7	32	27	30	0	29	0	4	7	1	1
3011	7	33	24	30	0	29	1	4	7	1	1
3011	7	34	21	30	0	29	1	4	7	1	1
3011	7	35	18	30	0	29	1	4	7	1	1
3011	7	36	15	30	0	29	1	4	7	1	1
3011	7	37	12	30	0	29	1	4	7	1	1
3011	7	38	9	30	0	29	1	4	7	1	1
3011	7	39	6	30	0	29	1	4	7	1	1
3011	7	40	3	30	0	29	1	4	7	1	1
3011	7	41	30	30	0	15	0	5	7	1	1
3011	7	42	27	30	0	15	0	5	7	1	1
3011	7	43	24	30	0	15	1	5	7	1	1
3011	7	44	21	30	0	15	1	5	7	1	1
3011	7	45	18	30	0	15	1	5	7	1	1
3011	7	46	15	30	0	15	1	5	7	1	1
3011	7	47	12	30	0	15	1	5	7	1	1
3011	7	48	9	30	0	15	1	5	7	1	1
3011	7	49	6	30	0	15	1	5	7	1	1
3011	7	50	3	30	0	15	1	5	7	1	1
3014	8	1	3	30	0	7	1	1	8	1	1
3014	8	2	6	30	0	7	1	1	8	1	1
3014	8	3	9	30	0	7	1	1	8	1	1
3014	8	4	12	30	0	7	1	1	8	1	1
3014	8	5	15	30	0	7	1	1	8	1	1
3014	8	6	18	30	0	7	0	1	8	1	1
3014	8	7	21	30	0	7	0	1	8	1	1
3014	8	8	24	30	0	7	1	1	8	1	1
3014	8	9	27	30	0	7	0	1	8	1	1
3014	8	10	30	30	0	7	0	1	8	1	1
3014	8	11	3	30	0	101	1	2	8	1	1
3014	8	12	6	30	0	101	1	2	8	1	1
3014	8	13	9	30	0	101	1	2	8	1	1
3014	8	14	12	30	0	101	0	2	8	1	1
3014	8	15	15	30	0	101	0	2	8	1	1
3014	8	16	18	30	0	101	1	2	8	1	1
3014	8	17	21	30	0	101	1	2	8	1	1
3014	8	18	24	30	0	101	0	2	8	1	1
3014	8	19	27	30	0	101	1	2	8	1	1
3014	8	20	30	30	0	101	0	2	8	1	1
3014	8	21	3	30	0	15	1	3	8	1	1
3014	8	22	6	30	0	15	1	3	8	1	1
3014	8	23	9	30	0	15	1	3	8	1	1
3014	8	24	12	30	0	15	1	3	8	1	1
3014	8	25	15	30	0	15	1	3	8	1	1
3014	8	26	18	30	0	15	1	3	8	1	1
3014	8	27	21	30	0	15	1	3	8	1	1
3014	8	28	24	30	0	15	1	3	8	1	1
3014	8	29	27	30	0	15	1	3	8	1	1
3014	8	30	30	30	0	15	0	3	8	1	1
3014	8	31	3	30	0	56	1	4	8	1	1
3014	8	32	6	30	0	56	1	4	8	1	1
3014	8	33	9	30	0	56	1	4	8	1	1
3014	8	34	12	30	0	56	1	4	8	1	1
3014	8	35	15	30	0	56	1	4	8	1	1
3014	8	36	18	30	0	56	1	4	8	1	1
3014	8	37	21	30	0	56	1	4	8	1	1
3014	8	38	24	30	0	56	0	4	8	1	1
3014	8	39	27	30	0	56	0	4	8	1	1
3014	8	40	30	30	0	56	0	4	8	1	1
3014	8	41	3	30	0	29	1	5	8	1	1
3014	8	42	6	30	0	29	1	5	8	1	1
3014	8	43	9	30	0	29	1	5	8	1	1
3014	8	44	12	30	0	29	1	5	8	1	1
3014	8	45	15	30	0	29	1	5	8	1	1
3014	8	46	18	30	0	29	1	5	8	1	1
3014	8	47	21	30	0	29	1	5	8	1	1
3014	8	48	24	30	0	29	1	5	8	1	1
3014	8	49	27	30	0	29	1	5	8	1	1
3014	8	50	30	30	0	29	0	5	8	1	1
3015	9	1	30	30	0	15	0	1	9	1	1
3015	9	2	27	30	0	15	0	1	9	1	1
3015	9	3	24	30	0	15	1	1	9	1	1
3015	9	4	21	30	0	15	0	1	9	1	1
3015	9	5	18	30	0	15	1	1	9	1	1
3015	9	6	15	30	0	15	1	1	9	1	1
3015	9	7	12	30	0	15	1	1	9	1	1
3015	9	8	9	30	0	15	1	1	9	1	1
3015	9	9	6	30	0	15	1	1	9	1	1
3015	9	10	3	30	0	15	1	1	9	1	1
3015	9	11	30	30	0	7	0	2	9	1	1
3015	9	12	27	30	0	7	0	2	9	1	1
3015	9	13	24	30	0	7	0	2	9	1	1
3015	9	14	21	30	0	7	1	2	9	1	1
3015	9	15	18	30	0	7	1	2	9	1	1
3015	9	16	15	30	0	7	1	2	9	1	1
3015	9	17	12	30	0	7	1	2	9	1	1
3015	9	18	9	30	0	7	1	2	9	1	1
3015	9	19	6	30	0	7	1	2	9	1	1
3015	9	20	3	30	0	7	1	2	9	1	1
3015	9	21	30	30	0	29	0	3	9	1	1
3015	9	22	27	30	0	29	0	3	9	1	1
3015	9	23	24	30	0	29	0	3	9	1	1
3015	9	24	21	30	0	29	0	3	9	1	1
3015	9	25	18	30	0	29	0	3	9	1	1
3015	9	26	15	30	0	29	1	3	9	1	1
3015	9	27	12	30	0	29	0	3	9	1	1
3015	9	28	9	30	0	29	1	3	9	1	1
3015	9	29	6	30	0	29	1	3	9	1	1
3015	9	30	3	30	0	29	1	3	9	1	1
3015	9	31	30	30	0	101	0	4	9	1	1
3015	9	32	27	30	0	101	0	4	9	1	1
3015	9	33	24	30	0	101	0	4	9	1	1
3015	9	34	21	30	0	101	0	4	9	1	1
3015	9	35	18	30	0	101	0	4	9	1	1
3015	9	36	15	30	0	101	0	4	9	1	1
3015	9	37	12	30	0	101	1	4	9	1	1
3015	9	38	9	30	0	101	1	4	9	1	1
3015	9	39	6	30	0	101	1	4	9	1	1
3015	9	40	3	30	0	101	1	4	9	1	1
3015	9	41	30	30	0	56	0	5	9	1	1
3015	9	42	27	30	0	56	0	5	9	1	1
3015	9	43	24	30	0	56	0	5	9	1	1
3015	9	44	21	30	0	56	0	5	9	1	1
3015	9	45	18	30	0	56	1	5	9	1	1
3015	9	46	15	30	0	56	1	5	9	1	1
3015	9	47	12	30	0	56	1	5	9	1	1
3015	9	48	9	30	0	56	1	5	9	1	1
3015	9	49	6	30	0	56	1	5	9	1	1
3015	9	50	3	30	0	56	1	5	9	1	1
3017	10	1	30	30	0	29	1	1	10	1	1
3017	10	2	27	30	0	29	1	1	10	1	1
3017	10	3	24	30	0	29	1	1	10	1	1
3017	10	4	21	30	0	29	1	1	10	1	1
3017	10	5	18	30	0	29	1	1	10	1	1
3017	10	6	15	30	0	29	1	1	10	1	1
3017	10	7	12	30	0	29	1	1	10	1	1
3017	10	8	9	30	0	29	1	1	10	1	1
3017	10	9	6	30	0	29	1	1	10	1	1
3017	10	10	3	30	0	29	1	1	10	1	1
3017	10	11	30	30	0	15	0	2	10	1	1
3017	10	12	27	30	0	15	0	2	10	1	1
3017	10	13	24	30	0	15	1	2	10	1	1
3017	10	14	21	30	0	15	1	2	10	1	1
3017	10	15	18	30	0	15	1	2	10	1	1
3017	10	16	15	30	0	15	1	2	10	1	1
3017	10	17	12	30	0	15	1	2	10	1	1
3017	10	18	9	30	0	15	1	2	10	1	1
3017	10	19	6	30	0	15	1	2	10	1	1
3017	10	20	3	30	0	15	1	2	10	1	1
3017	10	21	30	30	0	56	0	3	10	1	1
3017	10	22	27	30	0	56	0	3	10	1	1
3017	10	23	24	30	0	56	0	3	10	1	1
3017	10	24	21	30	0	56	0	3	10	1	1
3017	10	25	18	30	0	56	1	3	10	1	1
3017	10	26	15	30	0	56	1	3	10	1	1
3017	10	27	12	30	0	56	1	3	10	1	1
3017	10	28	9	30	0	56	1	3	10	1	1
3017	10	29	6	30	0	56	1	3	10	1	1
3017	10	30	3	30	0	56	1	3	10	1	1
3017	10	31	30	30	0	7	0	4	10	1	1
3017	10	32	27	30	0	7	1	4	10	1	1
3017	10	33	24	30	0	7	1	4	10	1	1
3017	10	34	21	30	0	7	1	4	10	1	1
3017	10	35	18	30	0	7	1	4	10	1	1
3017	10	36	15	30	0	7	1	4	10	1	1
3017	10	37	12	30	0	7	1	4	10	1	1
3017	10	38	9	30	0	7	1	4	10	1	1
3017	10	39	6	30	0	7	1	4	10	1	1
3017	10	40	3	30	0	7	1	4	10	1	1
3017	10	41	30	30	0	101	0	5	10	1	1
3017	10	42	27	30	0	101	0	5	10	1	1
3017	10	43	24	30	0	101	0	5	10	1	1
3017	10	44	21	30	0	101	0	5	10	1	1
3017	10	45	18	30	0	101	1	5	10	1	1
3017	10	46	15	30	0	101	1	5	10	1	1
3017	10	47	12	30	0	101	1	5	10	1	1
3017	10	48	9	30	0	101	1	5	10	1	1
3017	10	49	6	30	0	101	1	5	10	1	1
3017	10	50	3	30	0	101	1	5	10	1	1
3018	1	1	30	30	0	7	1	1	11	1	1
3018	1	2	27	30	0	7	1	1	11	1	1
3018	1	3	24	30	0	7	1	1	11	1	1
3018	1	4	21	30	0	7	1	1	11	1	1
3018	1	5	18	30	0	7	1	1	11	1	1
3018	1	6	15	30	0	7	1	1	11	1	1
3018	1	7	12	30	0	7	1	1	11	1	1
3018	1	8	9	30	0	7	1	1	11	1	1
3018	1	9	6	30	0	7	1	1	11	1	1
3018	1	10	3	30	0	7	1	1	11	1	1
3018	1	11	30	30	0	15	0	2	11	1	1
3018	1	12	27	30	0	15	0	2	11	1	1
3018	1	13	24	30	0	15	0	2	11	1	1
3018	1	14	21	30	0	15	1	2	11	1	1
3018	1	15	18	30	0	15	1	2	11	1	1
3018	1	16	15	30	0	15	1	2	11	1	1
3018	1	17	12	30	0	15	1	2	11	1	1
3018	1	18	9	30	0	15	1	2	11	1	1
3018	1	19	6	30	0	15	1	2	11	1	1
3018	1	20	3	30	0	15	1	2	11	1	1
3018	1	21	30	30	0	101	0	3	11	1	1
3018	1	22	27	30	0	101	0	3	11	1	1
3018	1	23	24	30	0	101	0	3	11	1	1
3018	1	24	21	30	0	101	1	3	11	1	1
3018	1	25	18	30	0	101	1	3	11	1	1
3018	1	26	15	30	0	101	1	3	11	1	1
3018	1	27	12	30	0	101	1	3	11	1	1
3018	1	28	9	30	0	101	1	3	11	1	1
3018	1	29	6	30	0	101	1	3	11	1	1
3018	1	30	3	30	0	101	1	3	11	1	1
3018	1	31	30	30	0	29	1	4	11	1	1
3018	1	32	27	30	0	29	0	4	11	1	1
3018	1	33	24	30	0	29	1	4	11	1	1
3018	1	34	21	30	0	29	1	4	11	1	1
3018	1	35	18	30	0	29	1	4	11	1	1
3018	1	36	15	30	0	29	1	4	11	1	1
3018	1	37	12	30	0	29	1	4	11	1	1
3018	1	38	9	30	0	29	1	4	11	1	1
3018	1	39	6	30	0	29	1	4	11	1	1
3018	1	40	3	30	0	29	1	4	11	1	1
3018	1	41	30	30	0	56	0	5	11	1	1
3018	1	42	27	30	0	56	0	5	11	1	1
3018	1	43	24	30	0	56	1	5	11	1	1
3018	1	44	21	30	0	56	1	5	11	1	1
3018	1	45	18	30	0	56	1	5	11	1	1
3018	1	46	15	30	0	56	1	5	11	1	1
3018	1	47	12	30	0	56	1	5	11	1	1
3018	1	48	9	30	0	56	1	5	11	1	1
3018	1	49	6	30	0	56	1	5	11	1	1
3018	1	50	3	30	0	56	1	5	11	1	1
3019	2	1	30	30	0	15	0	1	12	1	1
3019	2	2	27	30	0	15	0	1	12	1	1
3019	2	3	24	30	0	15	1	1	12	1	1
3019	2	4	21	30	0	15	1	1	12	1	1
3019	2	5	18	30	0	15	1	1	12	1	1
3019	2	6	15	30	0	15	1	1	12	1	1
3019	2	7	12	30	0	15	1	1	12	1	1
3019	2	8	9	30	0	15	1	1	12	1	1
3019	2	9	6	30	0	15	0	1	12	1	1
3019	2	10	3	30	0	15	1	1	12	1	1
3019	2	11	30	30	0	29	0	2	12	1	1
3019	2	12	27	30	0	29	0	2	12	1	1
3019	2	13	24	30	0	29	0	2	12	1	1
3019	2	14	21	30	0	29	1	2	12	1	1
3019	2	15	18	30	0	29	0	2	12	1	1
3019	2	16	15	30	0	29	1	2	12	1	1
3019	2	17	12	30	0	29	0	2	12	1	1
3019	2	18	9	30	0	29	1	2	12	1	1
3019	2	19	6	30	0	29	1	2	12	1	1
3019	2	20	3	30	0	29	1	2	12	1	1
3019	2	21	30	30	0	7	0	3	12	1	1
3019	2	22	27	30	0	7	1	3	12	1	1
3019	2	23	24	30	0	7	1	3	12	1	1
3019	2	24	21	30	0	7	1	3	12	1	1
3019	2	25	18	30	0	7	1	3	12	1	1
3019	2	26	15	30	0	7	1	3	12	1	1
3019	2	27	12	30	0	7	1	3	12	1	1
3019	2	28	9	30	0	7	1	3	12	1	1
3019	2	29	6	30	0	7	0	3	12	1	1
3019	2	30	3	30	0	7	1	3	12	1	1
3019	2	31	30	30	0	56	0	4	12	1	1
3019	2	32	27	30	0	56	0	4	12	1	1
3019	2	33	24	30	0	56	0	4	12	1	1
3019	2	34	21	30	0	56	0	4	12	1	1
3019	2	35	18	30	0	56	0	4	12	1	1
3019	2	36	15	30	0	56	0	4	12	1	1
3019	2	37	12	30	0	56	1	4	12	1	1
3019	2	38	9	30	0	56	1	4	12	1	1
3019	2	39	6	30	0	56	1	4	12	1	1
3019	2	40	3	30	0	56	1	4	12	1	1
3019	2	41	30	30	0	101	1	5	12	1	1
3019	2	42	27	30	0	101	0	5	12	1	1
3019	2	43	24	30	0	101	0	5	12	1	1
3019	2	44	21	30	0	101	0	5	12	1	1
3019	2	45	18	30	0	101	0	5	12	1	1
3019	2	46	15	30	0	101	0	5	12	1	1
3019	2	47	12	30	0	101	0	5	12	1	1
3019	2	48	9	30	0	101	1	5	12	1	1
3019	2	49	6	30	0	101	1	5	12	1	1
3019	2	50	3	30	0	101	1	5	12	1	1
3020	3	1	3	30	0	29	1	1	13	1	1
3020	3	2	6	30	0	29	1	1	13	1	1
3020	3	3	9	30	0	29	1	1	13	1	1
3020	3	4	12	30	0	29	1	1	13	1	1
3020	3	5	15	30	0	29	1	1	13	1	1
3020	3	6	18	30	0	29	1	1	13	1	1
3020	3	7	21	30	0	29	0	1	13	1	1
3020	3	8	24	30	0	29	0	1	13	1	1
3020	3	9	27	30	0	29	0	1	13	1	1
3020	3	10	30	30	0	29	0	1	13	1	1
3020	3	11	3	30	0	56	1	2	13	1	1
3020	3	12	6	30	0	56	1	2	13	1	1
3020	3	13	9	30	0	56	0	2	13	1	1
3020	3	14	12	30	0	56	1	2	13	1	1
3020	3	15	15	30	0	56	0	2	13	1	1
3020	3	16	18	30	0	56	0	2	13	1	1
3020	3	17	21	30	0	56	0	2	13	1	1
3020	3	18	24	30	0	56	0	2	13	1	1
3020	3	19	27	30	0	56	0	2	13	1	1
3020	3	20	30	30	0	56	0	2	13	1	1
3020	3	21	3	30	0	15	1	3	13	1	1
3020	3	22	6	30	0	15	1	3	13	1	1
3020	3	23	9	30	0	15	1	3	13	1	1
3020	3	24	12	30	0	15	1	3	13	1	1
3020	3	25	15	30	0	15	1	3	13	1	1
3020	3	26	18	30	0	15	1	3	13	1	1
3020	3	27	21	30	0	15	0	3	13	1	1
3020	3	28	24	30	0	15	0	3	13	1	1
3020	3	29	27	30	0	15	0	3	13	1	1
3020	3	30	30	30	0	15	0	3	13	1	1
3020	3	31	3	30	0	101	0	4	13	1	1
3020	3	32	6	30	0	101	0	4	13	1	1
3020	3	33	9	30	0	101	0	4	13	1	1
3020	3	34	12	30	0	101	0	4	13	1	1
3020	3	35	15	30	0	101	0	4	13	1	1
3020	3	36	18	30	0	101	0	4	13	1	1
3020	3	37	21	30	0	101	0	4	13	1	1
3020	3	38	24	30	0	101	0	4	13	1	1
3020	3	39	27	30	0	101	0	4	13	1	1
3020	3	40	30	30	0	101	0	4	13	1	1
3020	3	41	3	30	0	7	1	5	13	1	1
3020	3	42	6	30	0	7	1	5	13	1	1
3020	3	43	9	30	0	7	1	5	13	1	1
3020	3	44	12	30	0	7	1	5	13	1	1
3020	3	45	15	30	0	7	1	5	13	1	1
3020	3	46	18	30	0	7	1	5	13	1	1
3020	3	47	21	30	0	7	1	5	13	1	1
3020	3	48	24	30	0	7	0	5	13	1	1
3020	3	49	27	30	0	7	0	5	13	1	1
3020	3	50	30	30	0	7	0	5	13	1	1
3027	5	1	3	30	0	101	1	1	14	1	1
3027	5	2	6	30	0	101	1	1	14	1	1
3027	5	3	9	30	0	101	1	1	14	1	1
3027	5	4	12	30	0	101	0	1	14	1	1
3027	5	5	15	30	0	101	0	1	14	1	1
3027	5	6	18	30	0	101	0	1	14	1	1
3027	5	7	21	30	0	101	0	1	14	1	1
3027	5	8	24	30	0	101	0	1	14	1	1
3027	5	9	27	30	0	101	0	1	14	1	1
3027	5	10	30	30	0	101	0	1	14	1	1
3027	5	11	3	30	0	7	1	2	14	1	1
3027	5	12	6	30	0	7	1	2	14	1	1
3027	5	13	9	30	0	7	1	2	14	1	1
3027	5	14	12	30	0	7	1	2	14	1	1
3027	5	15	15	30	0	7	0	2	14	1	1
3027	5	16	18	30	0	7	0	2	14	1	1
3027	5	17	21	30	0	7	0	2	14	1	1
3027	5	18	24	30	0	7	0	2	14	1	1
3027	5	19	27	30	0	7	0	2	14	1	1
3027	5	20	30	30	0	7	0	2	14	1	1
3027	5	21	3	30	0	56	1	3	14	1	1
3027	5	22	6	30	0	56	1	3	14	1	1
3027	5	23	9	30	0	56	1	3	14	1	1
3027	5	24	12	30	0	56	0	3	14	1	1
3027	5	25	15	30	0	56	0	3	14	1	1
3027	5	26	18	30	0	56	0	3	14	1	1
3027	5	27	21	30	0	56	0	3	14	1	1
3027	5	28	24	30	0	56	0	3	14	1	1
3027	5	29	27	30	0	56	0	3	14	1	1
3027	5	30	30	30	0	56	0	3	14	1	1
3027	5	31	3	30	0	15	1	4	14	1	1
3027	5	32	6	30	0	15	1	4	14	1	1
3027	5	33	9	30	0	15	1	4	14	1	1
3027	5	34	12	30	0	15	1	4	14	1	1
3027	5	35	15	30	0	15	0	4	14	1	1
3027	5	36	18	30	0	15	0	4	14	1	1
3027	5	37	21	30	0	15	0	4	14	1	1
3027	5	38	24	30	0	15	0	4	14	1	1
3027	5	39	27	30	0	15	0	4	14	1	1
3027	5	40	30	30	0	15	0	4	14	1	1
3027	5	41	3	30	0	29	1	5	14	1	1
3027	5	42	6	30	0	29	1	5	14	1	1
3027	5	43	9	30	0	29	1	5	14	1	1
3027	5	44	12	30	0	29	1	5	14	1	1
3027	5	45	15	30	0	29	0	5	14	1	1
3027	5	46	18	30	0	29	0	5	14	1	1
3027	5	47	21	30	0	29	0	5	14	1	1
3027	5	48	24	30	0	29	0	5	14	1	1
3027	5	49	27	30	0	29	0	5	14	1	1
3027	5	50	30	30	0	29	0	5	14	1	1
3029	6	1	3	30	0	56	1	1	15	1	1
3029	6	2	6	30	0	56	1	1	15	1	1
3029	6	3	9	30	0	56	1	1	15	1	1
3029	6	4	12	30	0	56	0	1	15	1	1
3029	6	5	15	30	0	56	0	1	15	1	1
3029	6	6	18	30	0	56	0	1	15	1	1
3029	6	7	21	30	0	56	0	1	15	1	1
3029	6	8	24	30	0	56	0	1	15	1	1
3029	6	9	27	30	0	56	1	1	15	1	1
3029	6	10	30	30	0	56	0	1	15	1	1
3029	6	11	3	30	0	29	1	2	15	1	1
3029	6	12	6	30	0	29	1	2	15	1	1
3029	6	13	9	30	0	29	1	2	15	1	1
3029	6	14	12	30	0	29	1	2	15	1	1
3029	6	15	15	30	0	29	1	2	15	1	1
3029	6	16	18	30	0	29	1	2	15	1	1
3029	6	17	21	30	0	29	1	2	15	1	1
3029	6	18	24	30	0	29	0	2	15	1	1
3029	6	19	27	30	0	29	0	2	15	1	1
3029	6	20	30	30	0	29	0	2	15	1	1
3029	6	21	3	30	0	101	0	3	15	1	1
3029	6	22	6	30	0	101	0	3	15	1	1
3029	6	23	9	30	0	101	1	3	15	1	1
3029	6	24	12	30	0	101	1	3	15	1	1
3029	6	25	15	30	0	101	1	3	15	1	1
3029	6	26	18	30	0	101	1	3	15	1	1
3029	6	27	21	30	0	101	0	3	15	1	1
3029	6	28	24	30	0	101	0	3	15	1	1
3029	6	29	27	30	0	101	0	3	15	1	1
3029	6	30	30	30	0	101	0	3	15	1	1
3029	6	31	3	30	0	15	1	4	15	1	1
3029	6	32	6	30	0	15	1	4	15	1	1
3029	6	33	9	30	0	15	1	4	15	1	1
3029	6	34	12	30	0	15	1	4	15	1	1
3029	6	35	15	30	0	15	1	4	15	1	1
3029	6	36	18	30	0	15	1	4	15	1	1
3029	6	37	21	30	0	15	0	4	15	1	1
3029	6	38	24	30	0	15	0	4	15	1	1
3029	6	39	27	30	0	15	1	4	15	1	1
3029	6	40	30	30	0	15	1	4	15	1	1
3029	6	41	3	30	0	7	1	5	15	1	1
3029	6	42	6	30	0	7	1	5	15	1	1
3029	6	43	9	30	0	7	1	5	15	1	1
3029	6	44	12	30	0	7	1	5	15	1	1
3029	6	45	15	30	0	7	1	5	15	1	1
3029	6	46	18	30	0	7	1	5	15	1	1
3029	6	47	21	30	0	7	1	5	15	1	1
3029	6	48	24	30	0	7	1	5	15	1	1
3029	6	49	27	30	0	7	0	5	15	1	1
3029	6	50	30	30	0	7	0	5	15	1	1
3031	8	1	30	30	0	7	0	1	16	1	1
3031	8	2	27	30	0	7	0	1	16	1	1
3031	8	3	24	30	0	7	0	1	16	1	1
3031	8	4	21	30	0	7	0	1	16	1	1
3031	8	5	18	30	0	7	1	1	16	1	1
3031	8	6	15	30	0	7	1	1	16	1	1
3031	8	7	12	30	0	7	1	1	16	1	1
3031	8	8	9	30	0	7	1	1	16	1	1
3031	8	9	6	30	0	7	1	1	16	1	1
3031	8	10	3	30	0	7	1	1	16	1	1
3031	8	11	30	30	0	101	0	2	16	1	1
3031	8	12	27	30	0	101	0	2	16	1	1
3031	8	13	24	30	0	101	0	2	16	1	1
3031	8	14	21	30	0	101	0	2	16	1	1
3031	8	15	18	30	0	101	1	2	16	1	1
3031	8	16	15	30	0	101	1	2	16	1	1
3031	8	17	12	30	0	101	1	2	16	1	1
3031	8	18	9	30	0	101	1	2	16	1	1
3031	8	19	6	30	0	101	1	2	16	1	1
3031	8	20	3	30	0	101	1	2	16	1	1
3031	8	21	30	30	0	15	0	3	16	1	1
3031	8	22	27	30	0	15	0	3	16	1	1
3031	8	23	24	30	0	15	0	3	16	1	1
3031	8	24	21	30	0	15	0	3	16	1	1
3031	8	25	18	30	0	15	1	3	16	1	1
3031	8	26	15	30	0	15	1	3	16	1	1
3031	8	27	12	30	0	15	1	3	16	1	1
3031	8	28	9	30	0	15	1	3	16	1	1
3031	8	29	6	30	0	15	1	3	16	1	1
3031	8	30	3	30	0	15	1	3	16	1	1
3031	8	31	30	30	0	56	0	4	16	1	1
3031	8	32	27	30	0	56	0	4	16	1	1
3031	8	33	24	30	0	56	0	4	16	1	1
3031	8	34	21	30	0	56	0	4	16	1	1
3031	8	35	18	30	0	56	1	4	16	1	1
3031	8	36	15	30	0	56	0	4	16	1	1
3031	8	37	12	30	0	56	0	4	16	1	1
3031	8	38	9	30	0	56	0	4	16	1	1
3031	8	39	6	30	0	56	0	4	16	1	1
3031	8	40	3	30	0	56	0	4	16	1	1
3031	8	41	30	30	0	29	0	5	16	1	1
3031	8	42	27	30	0	29	0	5	16	1	1
3031	8	43	24	30	0	29	0	5	16	1	1
3031	8	44	21	30	0	29	0	5	16	1	1
3031	8	45	18	30	0	29	1	5	16	1	1
3031	8	46	15	30	0	29	1	5	16	1	1
3031	8	47	12	30	0	29	1	5	16	1	1
3031	8	48	9	30	0	29	1	5	16	1	1
3031	8	49	6	30	0	29	1	5	16	1	1
3031	8	50	3	30	0	29	1	5	16	1	1
3036	10	1	3	30	0	29	1	1	17	1	1
3036	10	2	6	30	0	29	1	1	17	1	1
3036	10	3	9	30	0	29	1	1	17	1	1
3036	10	4	12	30	0	29	1	1	17	1	1
3036	10	5	15	30	0	29	1	1	17	1	1
3036	10	6	18	30	0	29	0	1	17	1	1
3036	10	7	21	30	0	29	0	1	17	1	1
3036	10	8	24	30	0	29	0	1	17	1	1
3036	10	9	27	30	0	29	0	1	17	1	1
3036	10	10	30	30	0	29	0	1	17	1	1
3036	10	11	3	30	0	15	1	2	17	1	1
3036	10	12	6	30	0	15	1	2	17	1	1
3036	10	13	9	30	0	15	1	2	17	1	1
3036	10	14	12	30	0	15	1	2	17	1	1
3036	10	15	15	30	0	15	1	2	17	1	1
3036	10	16	18	30	0	15	0	2	17	1	1
3036	10	17	21	30	0	15	0	2	17	1	1
3036	10	18	24	30	0	15	0	2	17	1	1
3036	10	19	27	30	0	15	0	2	17	1	1
3036	10	20	30	30	0	15	0	2	17	1	1
3036	10	21	3	30	0	56	1	3	17	1	1
3036	10	22	6	30	0	56	1	3	17	1	1
3036	10	23	9	30	0	56	1	3	17	1	1
3036	10	24	12	30	0	56	0	3	17	1	1
3036	10	25	15	30	0	56	0	3	17	1	1
3036	10	26	18	30	0	56	0	3	17	1	1
3036	10	27	21	30	0	56	0	3	17	1	1
3036	10	28	24	30	0	56	0	3	17	1	1
3036	10	29	27	30	0	56	0	3	17	1	1
3036	10	30	30	30	0	56	0	3	17	1	1
3036	10	31	3	30	0	7	1	4	17	1	1
3036	10	32	6	30	0	7	1	4	17	1	1
3036	10	33	9	30	0	7	1	4	17	1	1
3036	10	34	12	30	0	7	1	4	17	1	1
3036	10	35	15	30	0	7	1	4	17	1	1
3036	10	36	18	30	0	7	1	4	17	1	1
3036	10	37	21	30	0	7	1	4	17	1	1
3036	10	38	24	30	0	7	1	4	17	1	1
3036	10	39	27	30	0	7	1	4	17	1	1
3036	10	40	30	30	0	7	0	4	17	1	1
3036	10	41	3	30	0	101	1	5	17	1	1
3036	10	42	6	30	0	101	0	5	17	1	1
3036	10	43	9	30	0	101	0	5	17	1	1
3036	10	44	12	30	0	101	0	5	17	1	1
3036	10	45	15	30	0	101	0	5	17	1	1
3036	10	46	18	30	0	101	0	5	17	1	1
3036	10	47	21	30	0	101	0	5	17	1	1
3036	10	48	24	30	0	101	0	5	17	1	1
3036	10	49	27	30	0	101	0	5	17	1	1
3036	10	50	30	30	0	101	0	5	17	1	1
3038	1	1	30	30	0	7	0	1	18	1	1
3038	1	2	27	30	0	7	1	1	18	1	1
3038	1	3	24	30	0	7	1	1	18	1	1
3038	1	4	21	30	0	7	1	1	18	1	1
3038	1	5	18	30	0	7	1	1	18	1	1
3038	1	6	15	30	0	7	1	1	18	1	1
3038	1	7	12	30	0	7	1	1	18	1	1
3038	1	8	9	30	0	7	1	1	18	1	1
3038	1	9	6	30	0	7	1	1	18	1	1
3038	1	10	3	30	0	7	1	1	18	1	1
3038	1	11	30	30	0	15	1	2	18	1	1
3038	1	12	27	30	0	15	0	2	18	1	1
3038	1	13	24	30	0	15	0	2	18	1	1
3038	1	14	21	30	0	15	0	2	18	1	1
3038	1	15	18	30	0	15	1	2	18	1	1
3038	1	16	15	30	0	15	1	2	18	1	1
3038	1	17	12	30	0	15	1	2	18	1	1
3038	1	18	9	30	0	15	1	2	18	1	1
3038	1	19	6	30	0	15	1	2	18	1	1
3038	1	20	3	30	0	15	1	2	18	1	1
3038	1	21	30	30	0	101	0	3	18	1	1
3038	1	22	27	30	0	101	0	3	18	1	1
3038	1	23	24	30	0	101	0	3	18	1	1
3038	1	24	21	30	0	101	0	3	18	1	1
3038	1	25	18	30	0	101	1	3	18	1	1
3038	1	26	15	30	0	101	1	3	18	1	1
3038	1	27	12	30	0	101	1	3	18	1	1
3038	1	28	9	30	0	101	1	3	18	1	1
3038	1	29	6	30	0	101	1	3	18	1	1
3038	1	30	3	30	0	101	1	3	18	1	1
3038	1	31	30	30	0	29	0	4	18	1	1
3038	1	32	27	30	0	29	0	4	18	1	1
3038	1	33	24	30	0	29	0	4	18	1	1
3038	1	34	21	30	0	29	0	4	18	1	1
3038	1	35	18	30	0	29	1	4	18	1	1
3038	1	36	15	30	0	29	1	4	18	1	1
3038	1	37	12	30	0	29	1	4	18	1	1
3038	1	38	9	30	0	29	1	4	18	1	1
3038	1	39	6	30	0	29	1	4	18	1	1
3038	1	40	3	30	0	29	1	4	18	1	1
3038	1	41	30	30	0	56	0	5	18	1	1
3038	1	42	27	30	0	56	0	5	18	1	1
3038	1	43	24	30	0	56	0	5	18	1	1
3038	1	44	21	30	0	56	0	5	18	1	1
3038	1	45	18	30	0	56	1	5	18	1	1
3038	1	46	15	30	0	56	1	5	18	1	1
3038	1	47	12	30	0	56	1	5	18	1	1
3038	1	48	9	30	0	56	1	5	18	1	1
3038	1	49	6	30	0	56	1	5	18	1	1
3038	1	50	3	30	0	56	1	5	18	1	1
3039	2	1	30	30	0	15	0	1	19	1	1
3039	2	2	27	30	0	15	1	1	19	1	1
3039	2	3	24	30	0	15	1	1	19	1	1
3039	2	4	21	30	0	15	1	1	19	1	1
3039	2	5	18	30	0	15	0	1	19	1	1
3039	2	6	15	30	0	15	1	1	19	1	1
3039	2	7	12	30	0	15	1	1	19	1	1
3039	2	8	9	30	0	15	1	1	19	1	1
3039	2	9	6	30	0	15	1	1	19	1	1
3039	2	10	3	30	0	15	1	1	19	1	1
3039	2	11	30	30	0	29	0	2	19	1	1
3039	2	12	27	30	0	29	0	2	19	1	1
3039	2	13	24	30	0	29	0	2	19	1	1
3039	2	14	21	30	0	29	1	2	19	1	1
3039	2	15	18	30	0	29	1	2	19	1	1
3039	2	16	15	30	0	29	1	2	19	1	1
3039	2	17	12	30	0	29	1	2	19	1	1
3039	2	18	9	30	0	29	1	2	19	1	1
3039	2	19	6	30	0	29	1	2	19	1	1
3039	2	20	3	30	0	29	1	2	19	1	1
3039	2	21	30	30	0	7	0	3	19	1	1
3039	2	22	27	30	0	7	1	3	19	1	1
3039	2	23	24	30	0	7	1	3	19	1	1
3039	2	24	21	30	0	7	1	3	19	1	1
3039	2	25	18	30	0	7	1	3	19	1	1
3039	2	26	15	30	0	7	1	3	19	1	1
3039	2	27	12	30	0	7	1	3	19	1	1
3039	2	28	9	30	0	7	1	3	19	1	1
3039	2	29	6	30	0	7	1	3	19	1	1
3039	2	30	3	30	0	7	1	3	19	1	1
3039	2	31	30	30	0	56	0	4	19	1	1
3039	2	32	27	30	0	56	0	4	19	1	1
3039	2	33	24	30	0	56	1	4	19	1	1
3039	2	34	21	30	0	56	1	4	19	1	1
3039	2	35	18	30	0	56	1	4	19	1	1
3039	2	36	15	30	0	56	1	4	19	1	1
3039	2	37	12	30	0	56	1	4	19	1	1
3039	2	38	9	30	0	56	1	4	19	1	1
3039	2	39	6	30	0	56	1	4	19	1	1
3039	2	40	3	30	0	56	1	4	19	1	1
3039	2	41	30	30	0	101	0	5	19	1	1
3039	2	42	27	30	0	101	0	5	19	1	1
3039	2	43	24	30	0	101	1	5	19	1	1
3039	2	44	21	30	0	101	1	5	19	1	1
3039	2	45	18	30	0	101	1	5	19	1	1
3039	2	46	15	30	0	101	1	5	19	1	1
3039	2	47	12	30	0	101	1	5	19	1	1
3039	2	48	9	30	0	101	1	5	19	1	1
3039	2	49	6	30	0	101	1	5	19	1	1
3039	2	50	3	30	0	101	1	5	19	1	1
3041	3	1	30	30	0	29	0	1	20	1	1
3041	3	2	27	30	0	29	0	1	20	1	1
3041	3	3	24	30	0	29	1	1	20	1	1
3041	3	4	21	30	0	29	1	1	20	1	1
3041	3	5	18	30	0	29	1	1	20	1	1
3041	3	6	15	30	0	29	1	1	20	1	1
3041	3	7	12	30	0	29	1	1	20	1	1
3041	3	8	9	30	0	29	1	1	20	1	1
3041	3	9	6	30	0	29	1	1	20	1	1
3041	3	10	3	30	0	29	1	1	20	1	1
3041	3	11	30	30	0	56	0	2	20	1	1
3041	3	12	27	30	0	56	0	2	20	1	1
3041	3	13	24	30	0	56	0	2	20	1	1
3041	3	14	21	30	0	56	0	2	20	1	1
3041	3	15	18	30	0	56	1	2	20	1	1
3041	3	16	15	30	0	56	0	2	20	1	1
3041	3	17	12	30	0	56	1	2	20	1	1
3041	3	18	9	30	0	56	1	2	20	1	1
3041	3	19	6	30	0	56	1	2	20	1	1
3041	3	20	3	30	0	56	1	2	20	1	1
3041	3	21	30	30	0	15	0	3	20	1	1
3041	3	22	27	30	0	15	0	3	20	1	1
3041	3	23	24	30	0	15	1	3	20	1	1
3041	3	24	21	30	0	15	1	3	20	1	1
3041	3	25	18	30	0	15	1	3	20	1	1
3041	3	26	15	30	0	15	1	3	20	1	1
3041	3	27	12	30	0	15	1	3	20	1	1
3041	3	28	9	30	0	15	1	3	20	1	1
3041	3	29	6	30	0	15	1	3	20	1	1
3041	3	30	3	30	0	15	1	3	20	1	1
3041	3	31	30	30	0	101	0	4	20	1	1
3041	3	32	27	30	0	101	0	4	20	1	1
3041	3	33	24	30	0	101	0	4	20	1	1
3041	3	34	21	30	0	101	0	4	20	1	1
3041	3	35	18	30	0	101	1	4	20	1	1
3041	3	36	15	30	0	101	0	4	20	1	1
3041	3	37	12	30	0	101	1	4	20	1	1
3041	3	38	9	30	0	101	1	4	20	1	1
3041	3	39	6	30	0	101	1	4	20	1	1
3041	3	40	3	30	0	101	1	4	20	1	1
3041	3	41	30	30	0	7	0	5	20	1	1
3041	3	42	27	30	0	7	1	5	20	1	1
3041	3	43	24	30	0	7	1	5	20	1	1
3041	3	44	21	30	0	7	1	5	20	1	1
3041	3	45	18	30	0	7	1	5	20	1	1
3041	3	46	15	30	0	7	1	5	20	1	1
3041	3	47	12	30	0	7	1	5	20	1	1
3041	3	48	9	30	0	7	1	5	20	1	1
3041	3	49	6	30	0	7	1	5	20	1	1
3041	3	50	3	30	0	7	1	5	20	1	1
3043	4	1	30	30	0	56	0	1	21	1	1
3043	4	2	27	30	0	56	1	1	21	1	1
3043	4	3	24	30	0	56	1	1	21	1	1
3043	4	4	21	30	0	56	0	1	21	1	1
3043	4	5	18	30	0	56	0	1	21	1	1
3043	4	6	15	30	0	56	0	1	21	1	1
3043	4	7	12	30	0	56	1	1	21	1	1
3043	4	8	9	30	0	56	0	1	21	1	1
3043	4	9	6	30	0	56	1	1	21	1	1
3043	4	10	3	30	0	56	1	1	21	1	1
3043	4	11	30	30	0	101	0	2	21	1	1
3043	4	12	27	30	0	101	0	2	21	1	1
3043	4	13	24	30	0	101	0	2	21	1	1
3043	4	14	21	30	0	101	0	2	21	1	1
3043	4	15	18	30	0	101	0	2	21	1	1
3043	4	16	15	30	0	101	1	2	21	1	1
3043	4	17	12	30	0	101	1	2	21	1	1
3043	4	18	9	30	0	101	1	2	21	1	1
3043	4	19	6	30	0	101	1	2	21	1	1
3043	4	20	3	30	0	101	1	2	21	1	1
3043	4	21	30	30	0	29	0	3	21	1	1
3043	4	22	27	30	0	29	0	3	21	1	1
3043	4	23	24	30	0	29	0	3	21	1	1
3043	4	24	21	30	0	29	0	3	21	1	1
3043	4	25	18	30	0	29	1	3	21	1	1
3043	4	26	15	30	0	29	1	3	21	1	1
3043	4	27	12	30	0	29	1	3	21	1	1
3043	4	28	9	30	0	29	1	3	21	1	1
3043	4	29	6	30	0	29	1	3	21	1	1
3043	4	30	3	30	0	29	1	3	21	1	1
3043	4	31	30	30	0	7	0	4	21	1	1
3043	4	32	27	30	0	7	0	4	21	1	1
3043	4	33	24	30	0	7	0	4	21	1	1
3043	4	34	21	30	0	7	1	4	21	1	1
3043	4	35	18	30	0	7	1	4	21	1	1
3043	4	36	15	30	0	7	1	4	21	1	1
3043	4	37	12	30	0	7	1	4	21	1	1
3043	4	38	9	30	0	7	1	4	21	1	1
3043	4	39	6	30	0	7	1	4	21	1	1
3043	4	40	3	30	0	7	1	4	21	1	1
3043	4	41	30	30	0	15	0	5	21	1	1
3043	4	42	27	30	0	15	0	5	21	1	1
3043	4	43	24	30	0	15	1	5	21	1	1
3043	4	44	21	30	0	15	1	5	21	1	1
3043	4	45	18	30	0	15	1	5	21	1	1
3043	4	46	15	30	0	15	1	5	21	1	1
3043	4	47	12	30	0	15	1	5	21	1	1
3043	4	48	9	30	0	15	1	5	21	1	1
3043	4	49	6	30	0	15	1	5	21	1	1
3043	4	50	3	30	0	15	1	5	21	1	1
3044	5	1	30	30	0	101	0	1	22	1	1
3044	5	2	27	30	0	101	0	1	22	1	1
3044	5	3	24	30	0	101	0	1	22	1	1
3044	5	4	21	30	0	101	1	1	22	1	1
3044	5	5	18	30	0	101	1	1	22	1	1
3044	5	6	15	30	0	101	1	1	22	1	1
3044	5	7	12	30	0	101	1	1	22	1	1
3044	5	8	9	30	0	101	1	1	22	1	1
3044	5	9	6	30	0	101	1	1	22	1	1
3044	5	10	3	30	0	101	1	1	22	1	1
3044	5	11	30	30	0	7	0	2	22	1	1
3044	5	12	27	30	0	7	0	2	22	1	1
3044	5	13	24	30	0	7	0	2	22	1	1
3044	5	14	21	30	0	7	1	2	22	1	1
3044	5	15	18	30	0	7	1	2	22	1	1
3044	5	16	15	30	0	7	1	2	22	1	1
3044	5	17	12	30	0	7	1	2	22	1	1
3044	5	18	9	30	0	7	1	2	22	1	1
3044	5	19	6	30	0	7	1	2	22	1	1
3044	5	20	3	30	0	7	1	2	22	1	1
3044	5	21	30	30	0	56	0	3	22	1	1
3044	5	22	27	30	0	56	0	3	22	1	1
3044	5	23	24	30	0	56	0	3	22	1	1
3044	5	24	21	30	0	56	0	3	22	1	1
3044	5	25	18	30	0	56	1	3	22	1	1
3044	5	26	15	30	0	56	1	3	22	1	1
3044	5	27	12	30	0	56	1	3	22	1	1
3044	5	28	9	30	0	56	1	3	22	1	1
3044	5	29	6	30	0	56	1	3	22	1	1
3044	5	30	3	30	0	56	1	3	22	1	1
3044	5	31	30	30	0	15	0	4	22	1	1
3044	5	32	27	30	0	15	0	4	22	1	1
3044	5	33	24	30	0	15	0	4	22	1	1
3044	5	34	21	30	0	15	1	4	22	1	1
3044	5	35	18	30	0	15	1	4	22	1	1
3044	5	36	15	30	0	15	1	4	22	1	1
3044	5	37	12	30	0	15	1	4	22	1	1
3044	5	38	9	30	0	15	1	4	22	1	1
3044	5	39	6	30	0	15	1	4	22	1	1
3044	5	40	3	30	0	15	1	4	22	1	1
3044	5	41	30	30	0	29	0	5	22	1	1
3044	5	42	27	30	0	29	0	5	22	1	1
3044	5	43	24	30	0	29	0	5	22	1	1
3044	5	44	21	30	0	29	0	5	22	1	1
3044	5	45	18	30	0	29	0	5	22	1	1
3044	5	46	15	30	0	29	1	5	22	1	1
3044	5	47	12	30	0	29	1	5	22	1	1
3044	5	48	9	30	0	29	1	5	22	1	1
3044	5	49	6	30	0	29	1	5	22	1	1
3044	5	50	3	30	0	29	1	5	22	1	1
3045	6	1	3	30	0	56	1	1	23	1	1
3045	6	2	6	30	0	56	0	1	23	1	1
3045	6	3	9	30	0	56	0	1	23	1	1
3045	6	4	12	30	0	56	1	1	23	1	1
3045	6	5	15	30	0	56	0	1	23	1	1
3045	6	6	18	30	0	56	0	1	23	1	1
3045	6	7	21	30	0	56	0	1	23	1	1
3045	6	8	24	30	0	56	0	1	23	1	1
3045	6	9	27	30	0	56	0	1	23	1	1
3045	6	10	30	30	0	56	0	1	23	1	1
3045	6	11	3	30	0	29	1	2	23	1	1
3045	6	12	6	30	0	29	0	2	23	1	1
3045	6	13	9	30	0	29	0	2	23	1	1
3045	6	14	12	30	0	29	0	2	23	1	1
3045	6	15	15	30	0	29	0	2	23	1	1
3045	6	16	18	30	0	29	0	2	23	1	1
3045	6	17	21	30	0	29	0	2	23	1	1
3045	6	18	24	30	0	29	0	2	23	1	1
3045	6	19	27	30	0	29	0	2	23	1	1
3045	6	20	30	30	0	29	0	2	23	1	1
3045	6	21	3	30	0	101	0	3	23	1	1
3045	6	22	6	30	0	101	0	3	23	1	1
3045	6	23	9	30	0	101	0	3	23	1	1
3045	6	24	12	30	0	101	0	3	23	1	1
3045	6	25	15	30	0	101	0	3	23	1	1
3045	6	26	18	30	0	101	0	3	23	1	1
3045	6	27	21	30	0	101	0	3	23	1	1
3045	6	28	24	30	0	101	0	3	23	1	1
3045	6	29	27	30	0	101	0	3	23	1	1
3045	6	30	30	30	0	101	0	3	23	1	1
3045	6	31	3	30	0	15	1	4	23	1	1
3045	6	32	6	30	0	15	1	4	23	1	1
3045	6	33	9	30	0	15	0	4	23	1	1
3045	6	34	12	30	0	15	0	4	23	1	1
3045	6	35	15	30	0	15	1	4	23	1	1
3045	6	36	18	30	0	15	0	4	23	1	1
3045	6	37	21	30	0	15	0	4	23	1	1
3045	6	38	24	30	0	15	0	4	23	1	1
3045	6	39	27	30	0	15	0	4	23	1	1
3045	6	40	30	30	0	15	0	4	23	1	1
3045	6	41	3	30	0	7	1	5	23	1	1
3045	6	42	6	30	0	7	1	5	23	1	1
3045	6	43	9	30	0	7	1	5	23	1	1
3045	6	44	12	30	0	7	1	5	23	1	1
3045	6	45	15	30	0	7	1	5	23	1	1
3045	6	46	18	30	0	7	0	5	23	1	1
3045	6	47	21	30	0	7	0	5	23	1	1
3045	6	48	24	30	0	7	0	5	23	1	1
3045	6	49	27	30	0	7	0	5	23	1	1
3045	6	50	30	30	0	7	0	5	23	1	1
3049	7	1	3	30	0	101	1	1	24	1	1
3049	7	2	6	30	0	101	0	1	24	1	1
3049	7	3	9	30	0	101	0	1	24	1	1
3049	7	4	12	30	0	101	0	1	24	1	1
3049	7	5	15	30	0	101	0	1	24	1	1
3049	7	6	18	30	0	101	0	1	24	1	1
3049	7	7	21	30	0	101	0	1	24	1	1
3049	7	8	24	30	0	101	0	1	24	1	1
3049	7	9	27	30	0	101	0	1	24	1	1
3049	7	10	30	30	0	101	0	1	24	1	1
3049	7	11	3	30	0	56	1	2	24	1	1
3049	7	12	6	30	0	56	1	2	24	1	1
3049	7	13	9	30	0	56	0	2	24	1	1
3049	7	14	12	30	0	56	0	2	24	1	1
3049	7	15	15	30	0	56	0	2	24	1	1
3049	7	16	18	30	0	56	0	2	24	1	1
3049	7	17	21	30	0	56	0	2	24	1	1
3049	7	18	24	30	0	56	0	2	24	1	1
3049	7	19	27	30	0	56	0	2	24	1	1
3049	7	20	30	30	0	56	0	2	24	1	1
3049	7	21	3	30	0	7	1	3	24	1	1
3049	7	22	6	30	0	7	1	3	24	1	1
3049	7	23	9	30	0	7	1	3	24	1	1
3049	7	24	12	30	0	7	1	3	24	1	1
3049	7	25	15	30	0	7	1	3	24	1	1
3049	7	26	18	30	0	7	0	3	24	1	1
3049	7	27	21	30	0	7	0	3	24	1	1
3049	7	28	24	30	0	7	0	3	24	1	1
3049	7	29	27	30	0	7	0	3	24	1	1
3049	7	30	30	30	0	7	0	3	24	1	1
3049	7	31	3	30	0	29	1	4	24	1	1
3049	7	32	6	30	0	29	1	4	24	1	1
3049	7	33	9	30	0	29	0	4	24	1	1
3049	7	34	12	30	0	29	1	4	24	1	1
3049	7	35	15	30	0	29	0	4	24	1	1
3049	7	36	18	30	0	29	0	4	24	1	1
3049	7	37	21	30	0	29	0	4	24	1	1
3049	7	38	24	30	0	29	0	4	24	1	1
3049	7	39	27	30	0	29	0	4	24	1	1
3049	7	40	30	30	0	29	0	4	24	1	1
3049	7	41	3	30	0	15	1	5	24	1	1
3049	7	42	6	30	0	15	1	5	24	1	1
3049	7	43	9	30	0	15	1	5	24	1	1
3049	7	44	12	30	0	15	0	5	24	1	1
3049	7	45	15	30	0	15	0	5	24	1	1
3049	7	46	18	30	0	15	1	5	24	1	1
3049	7	47	21	30	0	15	0	5	24	1	1
3049	7	48	24	30	0	15	0	5	24	1	1
3049	7	49	27	30	0	15	0	5	24	1	1
3049	7	50	30	30	0	15	0	5	24	1	1
3051	8	1	3	30	0	7	1	1	25	1	1
3051	8	2	6	30	0	7	1	1	25	1	1
3051	8	3	9	30	0	7	1	1	25	1	1
3051	8	4	12	30	0	7	1	1	25	1	1
3051	8	5	15	30	0	7	1	1	25	1	1
3051	8	6	18	30	0	7	1	1	25	1	1
3051	8	7	21	30	0	7	1	1	25	1	1
3051	8	8	24	30	0	7	1	1	25	1	1
3051	8	9	27	30	0	7	0	1	25	1	1
3051	8	10	30	30	0	7	0	1	25	1	1
3051	8	11	3	30	0	101	1	2	25	1	1
3051	8	12	6	30	0	101	1	2	25	1	1
3051	8	13	9	30	0	101	1	2	25	1	1
3051	8	14	12	30	0	101	1	2	25	1	1
3051	8	15	15	30	0	101	1	2	25	1	1
3051	8	16	18	30	0	101	1	2	25	1	1
3051	8	17	21	30	0	101	1	2	25	1	1
3051	8	18	24	30	0	101	1	2	25	1	1
3051	8	19	27	30	0	101	0	2	25	1	1
3051	8	20	30	30	0	101	0	2	25	1	1
3051	8	21	3	30	0	15	1	3	25	1	1
3051	8	22	6	30	0	15	1	3	25	1	1
3051	8	23	9	30	0	15	1	3	25	1	1
3051	8	24	12	30	0	15	1	3	25	1	1
3051	8	25	15	30	0	15	1	3	25	1	1
3051	8	26	18	30	0	15	1	3	25	1	1
3051	8	27	21	30	0	15	1	3	25	1	1
3051	8	28	24	30	0	15	1	3	25	1	1
3051	8	29	27	30	0	15	0	3	25	1	1
3051	8	30	30	30	0	15	0	3	25	1	1
3051	8	31	3	30	0	56	1	4	25	1	1
3051	8	32	6	30	0	56	1	4	25	1	1
3051	8	33	9	30	0	56	1	4	25	1	1
3051	8	34	12	30	0	56	1	4	25	1	1
3051	8	35	15	30	0	56	1	4	25	1	1
3051	8	36	18	30	0	56	1	4	25	1	1
3051	8	37	21	30	0	56	1	4	25	1	1
3051	8	38	24	30	0	56	1	4	25	1	1
3051	8	39	27	30	0	56	0	4	25	1	1
3051	8	40	30	30	0	56	0	4	25	1	1
3051	8	41	3	30	0	29	1	5	25	1	1
3051	8	42	6	30	0	29	1	5	25	1	1
3051	8	43	9	30	0	29	1	5	25	1	1
3051	8	44	12	30	0	29	1	5	25	1	1
3051	8	45	15	30	0	29	1	5	25	1	1
3051	8	46	18	30	0	29	1	5	25	1	1
3051	8	47	21	30	0	29	1	5	25	1	1
3051	8	48	24	30	0	29	1	5	25	1	1
3051	8	49	27	30	0	29	0	5	25	1	1
3051	8	50	30	30	0	29	0	5	25	1	1
3052	9	1	3	30	0	15	1	1	26	1	1
3052	9	2	6	30	0	15	1	1	26	1	1
3052	9	3	9	30	0	15	1	1	26	1	1
3052	9	4	12	30	0	15	1	1	26	1	1
3052	9	5	15	30	0	15	0	1	26	1	1
3052	9	6	18	30	0	15	0	1	26	1	1
3052	9	7	21	30	0	15	0	1	26	1	1
3052	9	8	24	30	0	15	0	1	26	1	1
3052	9	9	27	30	0	15	0	1	26	1	1
3052	9	10	30	30	0	15	0	1	26	1	1
3052	9	11	3	30	0	7	1	2	26	1	1
3052	9	12	6	30	0	7	1	2	26	1	1
3052	9	13	9	30	0	7	1	2	26	1	1
3052	9	14	12	30	0	7	1	2	26	1	1
3052	9	15	15	30	0	7	0	2	26	1	1
3052	9	16	18	30	0	7	1	2	26	1	1
3052	9	17	21	30	0	7	0	2	26	1	1
3052	9	18	24	30	0	7	0	2	26	1	1
3052	9	19	27	30	0	7	0	2	26	1	1
3052	9	20	30	30	0	7	0	2	26	1	1
3052	9	21	3	30	0	29	1	3	26	1	1
3052	9	22	6	30	0	29	1	3	26	1	1
3052	9	23	9	30	0	29	1	3	26	1	1
3052	9	24	12	30	0	29	1	3	26	1	1
3052	9	25	15	30	0	29	0	3	26	1	1
3052	9	26	18	30	0	29	0	3	26	1	1
3052	9	27	21	30	0	29	0	3	26	1	1
3052	9	28	24	30	0	29	0	3	26	1	1
3052	9	29	27	30	0	29	0	3	26	1	1
3052	9	30	30	30	0	29	0	3	26	1	1
3052	9	31	3	30	0	101	0	4	26	1	1
3052	9	32	6	30	0	101	0	4	26	1	1
3052	9	33	9	30	0	101	0	4	26	1	1
3052	9	34	12	30	0	101	0	4	26	1	1
3052	9	35	15	30	0	101	0	4	26	1	1
3052	9	36	18	30	0	101	0	4	26	1	1
3052	9	37	21	30	0	101	0	4	26	1	1
3052	9	38	24	30	0	101	0	4	26	1	1
3052	9	39	27	30	0	101	0	4	26	1	1
3052	9	40	30	30	0	101	0	4	26	1	1
3052	9	41	3	30	0	56	1	5	26	1	1
3052	9	42	6	30	0	56	1	5	26	1	1
3052	9	43	9	30	0	56	1	5	26	1	1
3052	9	44	12	30	0	56	1	5	26	1	1
3052	9	45	15	30	0	56	0	5	26	1	1
3052	9	46	18	30	0	56	0	5	26	1	1
3052	9	47	21	30	0	56	0	5	26	1	1
3052	9	48	24	30	0	56	0	5	26	1	1
3052	9	49	27	30	0	56	0	5	26	1	1
3052	9	50	30	30	0	56	0	5	26	1	1
3057	10	1	3	30	0	29	1	1	27	1	1
3057	10	2	6	30	0	29	1	1	27	1	1
3057	10	3	9	30	0	29	1	1	27	1	1
3057	10	4	12	30	0	29	1	1	27	1	1
3057	10	5	15	30	0	29	1	1	27	1	1
3057	10	6	18	30	0	29	1	1	27	1	1
3057	10	7	21	30	0	29	0	1	27	1	1
3057	10	8	24	30	0	29	0	1	27	1	1
3057	10	9	27	30	0	29	0	1	27	1	1
3057	10	10	30	30	0	29	0	1	27	1	1
3057	10	11	3	30	0	15	1	2	27	1	1
3057	10	12	6	30	0	15	1	2	27	1	1
3057	10	13	9	30	0	15	1	2	27	1	1
3057	10	14	12	30	0	15	1	2	27	1	1
3057	10	15	15	30	0	15	1	2	27	1	1
3057	10	16	18	30	0	15	1	2	27	1	1
3057	10	17	21	30	0	15	0	2	27	1	1
3057	10	18	24	30	0	15	0	2	27	1	1
3057	10	19	27	30	0	15	0	2	27	1	1
3057	10	20	30	30	0	15	0	2	27	1	1
3057	10	21	3	30	0	56	1	3	27	1	1
3057	10	22	6	30	0	56	1	3	27	1	1
3057	10	23	9	30	0	56	1	3	27	1	1
3057	10	24	12	30	0	56	1	3	27	1	1
3057	10	25	15	30	0	56	0	3	27	1	1
3057	10	26	18	30	0	56	0	3	27	1	1
3057	10	27	21	30	0	56	0	3	27	1	1
3057	10	28	24	30	0	56	0	3	27	1	1
3057	10	29	27	30	0	56	0	3	27	1	1
3057	10	30	30	30	0	56	0	3	27	1	1
3057	10	31	3	30	0	7	1	4	27	1	1
3057	10	32	6	30	0	7	1	4	27	1	1
3057	10	33	9	30	0	7	1	4	27	1	1
3057	10	34	12	30	0	7	1	4	27	1	1
3057	10	35	15	30	0	7	1	4	27	1	1
3057	10	36	18	30	0	7	1	4	27	1	1
3057	10	37	21	30	0	7	1	4	27	1	1
3057	10	38	24	30	0	7	0	4	27	1	1
3057	10	39	27	30	0	7	0	4	27	1	1
3057	10	40	30	30	0	7	0	4	27	1	1
3057	10	41	3	30	0	101	1	5	27	1	1
3057	10	42	6	30	0	101	1	5	27	1	1
3057	10	43	9	30	0	101	1	5	27	1	1
3057	10	44	12	30	0	101	0	5	27	1	1
3057	10	45	15	30	0	101	0	5	27	1	1
3057	10	46	18	30	0	101	0	5	27	1	1
3057	10	47	21	30	0	101	0	5	27	1	1
3057	10	48	24	30	0	101	0	5	27	1	1
3057	10	49	27	30	0	101	0	5	27	1	1
3057	10	50	30	30	0	101	0	5	27	1	1
3058	1	1	3	30	0	7	1	1	28	1	1
3058	1	2	6	30	0	7	1	1	28	1	1
3058	1	3	9	30	0	7	1	1	28	1	1
3058	1	4	12	30	0	7	1	1	28	1	1
3058	1	5	15	30	0	7	1	1	28	1	1
3058	1	6	18	30	0	7	0	1	28	1	1
3058	1	7	21	30	0	7	0	1	28	1	1
3058	1	8	24	30	0	7	0	1	28	1	1
3058	1	9	27	30	0	7	0	1	28	1	1
3058	1	10	30	30	0	7	0	1	28	1	1
3058	1	11	3	30	0	15	1	2	28	1	1
3058	1	12	6	30	0	15	1	2	28	1	1
3058	1	13	9	30	0	15	1	2	28	1	1
3058	1	14	12	30	0	15	0	2	28	1	1
3058	1	15	15	30	0	15	0	2	28	1	1
3058	1	16	18	30	0	15	0	2	28	1	1
3058	1	17	21	30	0	15	0	2	28	1	1
3058	1	18	24	30	0	15	0	2	28	1	1
3058	1	19	27	30	0	15	0	2	28	1	1
3058	1	20	30	30	0	15	0	2	28	1	1
3058	1	21	3	30	0	101	1	3	28	1	1
3058	1	22	6	30	0	101	0	3	28	1	1
3058	1	23	9	30	0	101	0	3	28	1	1
3058	1	24	12	30	0	101	0	3	28	1	1
3058	1	25	15	30	0	101	0	3	28	1	1
3058	1	26	18	30	0	101	0	3	28	1	1
3058	1	27	21	30	0	101	0	3	28	1	1
3058	1	28	24	30	0	101	0	3	28	1	1
3058	1	29	27	30	0	101	0	3	28	1	1
3058	1	30	30	30	0	101	0	3	28	1	1
3058	1	31	3	30	0	29	1	4	28	1	1
3058	1	32	6	30	0	29	1	4	28	1	1
3058	1	33	9	30	0	29	1	4	28	1	1
3058	1	34	12	30	0	29	0	4	28	1	1
3058	1	35	15	30	0	29	0	4	28	1	1
3058	1	36	18	30	0	29	0	4	28	1	1
3058	1	37	21	30	0	29	0	4	28	1	1
3058	1	38	24	30	0	29	0	4	28	1	1
3058	1	39	27	30	0	29	0	4	28	1	1
3058	1	40	30	30	0	29	0	4	28	1	1
3058	1	41	3	30	0	56	1	5	28	1	1
3058	1	42	6	30	0	56	1	5	28	1	1
3058	1	43	9	30	0	56	0	5	28	1	1
3058	1	44	12	30	0	56	0	5	28	1	1
3058	1	45	15	30	0	56	0	5	28	1	1
3058	1	46	18	30	0	56	0	5	28	1	1
3058	1	47	21	30	0	56	0	5	28	1	1
3058	1	48	24	30	0	56	0	5	28	1	1
3058	1	49	27	30	0	56	0	5	28	1	1
3058	1	50	30	30	0	56	0	5	28	1	1
3059	2	1	30	30	0	15	0	1	29	1	1
3059	2	2	27	30	0	15	0	1	29	1	1
3059	2	3	24	30	0	15	1	1	29	1	1
3059	2	4	21	30	0	15	1	1	29	1	1
3059	2	5	18	30	0	15	1	1	29	1	1
3059	2	6	15	30	0	15	1	1	29	1	1
3059	2	7	12	30	0	15	1	1	29	1	1
3059	2	8	9	30	0	15	1	1	29	1	1
3059	2	9	6	30	0	15	1	1	29	1	1
3059	2	10	3	30	0	15	1	1	29	1	1
3059	2	11	30	30	0	29	0	2	29	1	1
3059	2	12	27	30	0	29	0	2	29	1	1
3059	2	13	24	30	0	29	0	2	29	1	1
3059	2	14	21	30	0	29	0	2	29	1	1
3059	2	15	18	30	0	29	0	2	29	1	1
3059	2	16	15	30	0	29	1	2	29	1	1
3059	2	17	12	30	0	29	1	2	29	1	1
3059	2	18	9	30	0	29	1	2	29	1	1
3059	2	19	6	30	0	29	1	2	29	1	1
3059	2	20	3	30	0	29	1	2	29	1	1
3059	2	21	30	30	0	7	0	3	29	1	1
3059	2	22	27	30	0	7	1	3	29	1	1
3059	2	23	24	30	0	7	1	3	29	1	1
3059	2	24	21	30	0	7	1	3	29	1	1
3059	2	25	18	30	0	7	1	3	29	1	1
3059	2	26	15	30	0	7	1	3	29	1	1
3059	2	27	12	30	0	7	1	3	29	1	1
3059	2	28	9	30	0	7	1	3	29	1	1
3059	2	29	6	30	0	7	1	3	29	1	1
3059	2	30	3	30	0	7	1	3	29	1	1
3059	2	31	30	30	0	56	0	4	29	1	1
3059	2	32	27	30	0	56	0	4	29	1	1
3059	2	33	24	30	0	56	0	4	29	1	1
3059	2	34	21	30	0	56	0	4	29	1	1
3059	2	35	18	30	0	56	0	4	29	1	1
3059	2	36	15	30	0	56	0	4	29	1	1
3059	2	37	12	30	0	56	1	4	29	1	1
3059	2	38	9	30	0	56	1	4	29	1	1
3059	2	39	6	30	0	56	0	4	29	1	1
3059	2	40	3	30	0	56	1	4	29	1	1
3059	2	41	30	30	0	101	0	5	29	1	1
3059	2	42	27	30	0	101	0	5	29	1	1
3059	2	43	24	30	0	101	0	5	29	1	1
3059	2	44	21	30	0	101	0	5	29	1	1
3059	2	45	18	30	0	101	1	5	29	1	1
3059	2	46	15	30	0	101	0	5	29	1	1
3059	2	47	12	30	0	101	0	5	29	1	1
3059	2	48	9	30	0	101	1	5	29	1	1
3059	2	49	6	30	0	101	1	5	29	1	1
3059	2	50	3	30	0	101	1	5	29	1	1
3063	3	1	3	30	0	29	1	1	30	1	1
3063	3	2	6	30	0	29	1	1	30	1	1
3063	3	3	9	30	0	29	1	1	30	1	1
3063	3	4	12	30	0	29	1	1	30	1	1
3063	3	5	15	30	0	29	1	1	30	1	1
3063	3	6	18	30	0	29	1	1	30	1	1
3063	3	7	21	30	0	29	0	1	30	1	1
3063	3	8	24	30	0	29	0	1	30	1	1
3063	3	9	27	30	0	29	0	1	30	1	1
3063	3	10	30	30	0	29	0	1	30	1	1
3063	3	11	3	30	0	56	1	2	30	1	1
3063	3	12	6	30	0	56	1	2	30	1	1
3063	3	13	9	30	0	56	1	2	30	1	1
3063	3	14	12	30	0	56	1	2	30	1	1
3063	3	15	15	30	0	56	0	2	30	1	1
3063	3	16	18	30	0	56	0	2	30	1	1
3063	3	17	21	30	0	56	0	2	30	1	1
3063	3	18	24	30	0	56	0	2	30	1	1
3063	3	19	27	30	0	56	0	2	30	1	1
3063	3	20	30	30	0	56	0	2	30	1	1
3063	3	21	3	30	0	15	1	3	30	1	1
3063	3	22	6	30	0	15	1	3	30	1	1
3063	3	23	9	30	0	15	1	3	30	1	1
3063	3	24	12	30	0	15	1	3	30	1	1
3063	3	25	15	30	0	15	1	3	30	1	1
3063	3	26	18	30	0	15	1	3	30	1	1
3063	3	27	21	30	0	15	1	3	30	1	1
3063	3	28	24	30	0	15	1	3	30	1	1
3063	3	29	27	30	0	15	1	3	30	1	1
3063	3	30	30	30	0	15	0	3	30	1	1
3063	3	31	3	30	0	101	1	4	30	1	1
3063	3	32	6	30	0	101	1	4	30	1	1
3063	3	33	9	30	0	101	1	4	30	1	1
3063	3	34	12	30	0	101	0	4	30	1	1
3063	3	35	15	30	0	101	0	4	30	1	1
3063	3	36	18	30	0	101	0	4	30	1	1
3063	3	37	21	30	0	101	0	4	30	1	1
3063	3	38	24	30	0	101	0	4	30	1	1
3063	3	39	27	30	0	101	0	4	30	1	1
3063	3	40	30	30	0	101	0	4	30	1	1
3063	3	41	3	30	0	7	1	5	30	1	1
3063	3	42	6	30	0	7	1	5	30	1	1
3063	3	43	9	30	0	7	1	5	30	1	1
3063	3	44	12	30	0	7	1	5	30	1	1
3063	3	45	15	30	0	7	1	5	30	1	1
3063	3	46	18	30	0	7	1	5	30	1	1
3063	3	47	21	30	0	7	1	5	30	1	1
3063	3	48	24	30	0	7	1	5	30	1	1
3063	3	49	27	30	0	7	1	5	30	1	1
3063	3	50	30	30	0	7	0	5	30	1	1
3064	5	1	30	30	0	101	0	1	31	1	1
3064	5	2	27	30	0	101	0	1	31	1	1
3064	5	3	24	30	0	101	1	1	31	1	1
3064	5	4	21	30	0	101	1	1	31	1	1
3064	5	5	18	30	0	101	1	1	31	1	1
3064	5	6	15	30	0	101	1	1	31	1	1
3064	5	7	12	30	0	101	0	1	31	1	1
3064	5	8	9	30	0	101	0	1	31	1	1
3064	5	9	6	30	0	101	1	1	31	1	1
3064	5	10	3	30	0	101	1	1	31	1	1
3064	5	11	30	30	0	7	0	2	31	1	1
3064	5	12	27	30	0	7	0	2	31	1	1
3064	5	13	24	30	0	7	0	2	31	1	1
3064	5	14	21	30	0	7	1	2	31	1	1
3064	5	15	18	30	0	7	1	2	31	1	1
3064	5	16	15	30	0	7	1	2	31	1	1
3064	5	17	12	30	0	7	1	2	31	1	1
3064	5	18	9	30	0	7	1	2	31	1	1
3064	5	19	6	30	0	7	1	2	31	1	1
3064	5	20	3	30	0	7	1	2	31	1	1
3064	5	21	30	30	0	56	0	3	31	1	1
3064	5	22	27	30	0	56	0	3	31	1	1
3064	5	23	24	30	0	56	1	3	31	1	1
3064	5	24	21	30	0	56	1	3	31	1	1
3064	5	25	18	30	0	56	1	3	31	1	1
3064	5	26	15	30	0	56	0	3	31	1	1
3064	5	27	12	30	0	56	0	3	31	1	1
3064	5	28	9	30	0	56	1	3	31	1	1
3064	5	29	6	30	0	56	1	3	31	1	1
3064	5	30	3	30	0	56	1	3	31	1	1
3064	5	31	30	30	0	15	1	4	31	1	1
3064	5	32	27	30	0	15	0	4	31	1	1
3064	5	33	24	30	0	15	1	4	31	1	1
3064	5	34	21	30	0	15	1	4	31	1	1
3064	5	35	18	30	0	15	1	4	31	1	1
3064	5	36	15	30	0	15	0	4	31	1	1
3064	5	37	12	30	0	15	1	4	31	1	1
3064	5	38	9	30	0	15	1	4	31	1	1
3064	5	39	6	30	0	15	1	4	31	1	1
3064	5	40	3	30	0	15	1	4	31	1	1
3064	5	41	30	30	0	29	0	5	31	1	1
3064	5	42	27	30	0	29	0	5	31	1	1
3064	5	43	24	30	0	29	0	5	31	1	1
3064	5	44	21	30	0	29	0	5	31	1	1
3064	5	45	18	30	0	29	0	5	31	1	1
3064	5	46	15	30	0	29	1	5	31	1	1
3064	5	47	12	30	0	29	0	5	31	1	1
3064	5	48	9	30	0	29	1	5	31	1	1
3064	5	49	6	30	0	29	1	5	31	1	1
3064	5	50	3	30	0	29	1	5	31	1	1
3065	6	1	3	30	0	56	1	1	32	1	1
3065	6	2	6	30	0	56	0	1	32	1	1
3065	6	3	9	30	0	56	0	1	32	1	1
3065	6	4	12	30	0	56	0	1	32	1	1
3065	6	5	15	30	0	56	1	1	32	1	1
3065	6	6	18	30	0	56	0	1	32	1	1
3065	6	7	21	30	0	56	0	1	32	1	1
3065	6	8	24	30	0	56	0	1	32	1	1
3065	6	9	27	30	0	56	0	1	32	1	1
3065	6	10	30	30	0	56	0	1	32	1	1
3065	6	11	3	30	0	29	1	2	32	1	1
3065	6	12	6	30	0	29	1	2	32	1	1
3065	6	13	9	30	0	29	1	2	32	1	1
3065	6	14	12	30	0	29	1	2	32	1	1
3065	6	15	15	30	0	29	0	2	32	1	1
3065	6	16	18	30	0	29	0	2	32	1	1
3065	6	17	21	30	0	29	0	2	32	1	1
3065	6	18	24	30	0	29	0	2	32	1	1
3065	6	19	27	30	0	29	0	2	32	1	1
3065	6	20	30	30	0	29	0	2	32	1	1
3065	6	21	3	30	0	101	0	3	32	1	1
3065	6	22	6	30	0	101	0	3	32	1	1
3065	6	23	9	30	0	101	0	3	32	1	1
3065	6	24	12	30	0	101	0	3	32	1	1
3065	6	25	15	30	0	101	0	3	32	1	1
3065	6	26	18	30	0	101	0	3	32	1	1
3065	6	27	21	30	0	101	0	3	32	1	1
3065	6	28	24	30	0	101	0	3	32	1	1
3065	6	29	27	30	0	101	0	3	32	1	1
3065	6	30	30	30	0	101	0	3	32	1	1
3065	6	31	3	30	0	15	1	4	32	1	1
3065	6	32	6	30	0	15	1	4	32	1	1
3065	6	33	9	30	0	15	1	4	32	1	1
3065	6	34	12	30	0	15	1	4	32	1	1
3065	6	35	15	30	0	15	1	4	32	1	1
3065	6	36	18	30	0	15	0	4	32	1	1
3065	6	37	21	30	0	15	0	4	32	1	1
3065	6	38	24	30	0	15	0	4	32	1	1
3065	6	39	27	30	0	15	0	4	32	1	1
3065	6	40	30	30	0	15	0	4	32	1	1
3065	6	41	3	30	0	7	1	5	32	1	1
3065	6	42	6	30	0	7	1	5	32	1	1
3065	6	43	9	30	0	7	1	5	32	1	1
3065	6	44	12	30	0	7	1	5	32	1	1
3065	6	45	15	30	0	7	1	5	32	1	1
3065	6	46	18	30	0	7	1	5	32	1	1
3065	6	47	21	30	0	7	1	5	32	1	1
3065	6	48	24	30	0	7	0	5	32	1	1
3065	6	49	27	30	0	7	0	5	32	1	1
3065	6	50	30	30	0	7	0	5	32	1	1
3066	7	1	30	30	0	101	0	1	33	1	1
3066	7	2	27	30	0	101	0	1	33	1	1
3066	7	3	24	30	0	101	0	1	33	1	1
3066	7	4	21	30	0	101	1	1	33	1	1
3066	7	5	18	30	0	101	1	1	33	1	1
3066	7	6	15	30	0	101	1	1	33	1	1
3066	7	7	12	30	0	101	1	1	33	1	1
3066	7	8	9	30	0	101	1	1	33	1	1
3066	7	9	6	30	0	101	1	1	33	1	1
3066	7	10	3	30	0	101	1	1	33	1	1
3066	7	11	30	30	0	56	0	2	33	1	1
3066	7	12	27	30	0	56	0	2	33	1	1
3066	7	13	24	30	0	56	0	2	33	1	1
3066	7	14	21	30	0	56	1	2	33	1	1
3066	7	15	18	30	0	56	1	2	33	1	1
3066	7	16	15	30	0	56	1	2	33	1	1
3066	7	17	12	30	0	56	1	2	33	1	1
3066	7	18	9	30	0	56	1	2	33	1	1
3066	7	19	6	30	0	56	1	2	33	1	1
3066	7	20	3	30	0	56	1	2	33	1	1
3066	7	21	30	30	0	7	0	3	33	1	1
3066	7	22	27	30	0	7	0	3	33	1	1
3066	7	23	24	30	0	7	1	3	33	1	1
3066	7	24	21	30	0	7	1	3	33	1	1
3066	7	25	18	30	0	7	1	3	33	1	1
3066	7	26	15	30	0	7	1	3	33	1	1
3066	7	27	12	30	0	7	1	3	33	1	1
3066	7	28	9	30	0	7	1	3	33	1	1
3066	7	29	6	30	0	7	1	3	33	1	1
3066	7	30	3	30	0	7	1	3	33	1	1
3066	7	31	30	30	0	29	0	4	33	1	1
3066	7	32	27	30	0	29	0	4	33	1	1
3066	7	33	24	30	0	29	1	4	33	1	1
3066	7	34	21	30	0	29	1	4	33	1	1
3066	7	35	18	30	0	29	0	4	33	1	1
3066	7	36	15	30	0	29	1	4	33	1	1
3066	7	37	12	30	0	29	1	4	33	1	1
3066	7	38	9	30	0	29	1	4	33	1	1
3066	7	39	6	30	0	29	1	4	33	1	1
3066	7	40	3	30	0	29	1	4	33	1	1
3066	7	41	30	30	0	15	0	5	33	1	1
3066	7	42	27	30	0	15	0	5	33	1	1
3066	7	43	24	30	0	15	1	5	33	1	1
3066	7	44	21	30	0	15	1	5	33	1	1
3066	7	45	18	30	0	15	1	5	33	1	1
3066	7	46	15	30	0	15	1	5	33	1	1
3066	7	47	12	30	0	15	1	5	33	1	1
3066	7	48	9	30	0	15	1	5	33	1	1
3066	7	49	6	30	0	15	1	5	33	1	1
3066	7	50	3	30	0	15	1	5	33	1	1
3067	8	1	3	30	0	7	1	1	34	1	1
3067	8	2	6	30	0	7	0	1	34	1	1
3067	8	3	9	30	0	7	0	1	34	1	1
3067	8	4	12	30	0	7	1	1	34	1	1
3067	8	5	15	30	0	7	1	1	34	1	1
3067	8	6	18	30	0	7	1	1	34	1	1
3067	8	7	21	30	0	7	1	1	34	1	1
3067	8	8	24	30	0	7	1	1	34	1	1
3067	8	9	27	30	0	7	1	1	34	1	1
3067	8	10	30	30	0	7	0	1	34	1	1
3067	8	11	3	30	0	101	1	2	34	1	1
3067	8	12	6	30	0	101	1	2	34	1	1
3067	8	13	9	30	0	101	1	2	34	1	1
3067	8	14	12	30	0	101	0	2	34	1	1
3067	8	15	15	30	0	101	0	2	34	1	1
3067	8	16	18	30	0	101	0	2	34	1	1
3067	8	17	21	30	0	101	1	2	34	1	1
3067	8	18	24	30	0	101	1	2	34	1	1
3067	8	19	27	30	0	101	1	2	34	1	1
3067	8	20	30	30	0	101	0	2	34	1	1
3067	8	21	3	30	0	15	1	3	34	1	1
3067	8	22	6	30	0	15	1	3	34	1	1
3067	8	23	9	30	0	15	1	3	34	1	1
3067	8	24	12	30	0	15	1	3	34	1	1
3067	8	25	15	30	0	15	1	3	34	1	1
3067	8	26	18	30	0	15	1	3	34	1	1
3067	8	27	21	30	0	15	1	3	34	1	1
3067	8	28	24	30	0	15	1	3	34	1	1
3067	8	29	27	30	0	15	1	3	34	1	1
3067	8	30	30	30	0	15	0	3	34	1	1
3067	8	31	3	30	0	56	1	4	34	1	1
3067	8	32	6	30	0	56	1	4	34	1	1
3067	8	33	9	30	0	56	1	4	34	1	1
3067	8	34	12	30	0	56	1	4	34	1	1
3067	8	35	15	30	0	56	1	4	34	1	1
3067	8	36	18	30	0	56	1	4	34	1	1
3067	8	37	21	30	0	56	1	4	34	1	1
3067	8	38	24	30	0	56	1	4	34	1	1
3067	8	39	27	30	0	56	1	4	34	1	1
3067	8	40	30	30	0	56	0	4	34	1	1
3067	8	41	3	30	0	29	1	5	34	1	1
3067	8	42	6	30	0	29	1	5	34	1	1
3067	8	43	9	30	0	29	1	5	34	1	1
3067	8	44	12	30	0	29	1	5	34	1	1
3067	8	45	15	30	0	29	1	5	34	1	1
3067	8	46	18	30	0	29	1	5	34	1	1
3067	8	47	21	30	0	29	1	5	34	1	1
3067	8	48	24	30	0	29	1	5	34	1	1
3067	8	49	27	30	0	29	1	5	34	1	1
3067	8	50	30	30	0	29	0	5	34	1	1
3068	9	1	30	30	0	15	1	1	35	1	1
3068	9	2	27	30	0	15	1	1	35	1	1
3068	9	3	24	30	0	15	1	1	35	1	1
3068	9	4	21	30	0	15	1	1	35	1	1
3068	9	5	18	30	0	15	1	1	35	1	1
3068	9	6	15	30	0	15	1	1	35	1	1
3068	9	7	12	30	0	15	1	1	35	1	1
3068	9	8	9	30	0	15	1	1	35	1	1
3068	9	9	6	30	0	15	1	1	35	1	1
3068	9	10	3	30	0	15	1	1	35	1	1
3068	9	11	30	30	0	7	0	2	35	1	1
3068	9	12	27	30	0	7	1	2	35	1	1
3068	9	13	24	30	0	7	1	2	35	1	1
3068	9	14	21	30	0	7	1	2	35	1	1
3068	9	15	18	30	0	7	1	2	35	1	1
3068	9	16	15	30	0	7	1	2	35	1	1
3068	9	17	12	30	0	7	1	2	35	1	1
3068	9	18	9	30	0	7	1	2	35	1	1
3068	9	19	6	30	0	7	1	2	35	1	1
3068	9	20	3	30	0	7	1	2	35	1	1
3068	9	21	30	30	0	29	0	3	35	1	1
3068	9	22	27	30	0	29	0	3	35	1	1
3068	9	23	24	30	0	29	0	3	35	1	1
3068	9	24	21	30	0	29	0	3	35	1	1
3068	9	25	18	30	0	29	1	3	35	1	1
3068	9	26	15	30	0	29	1	3	35	1	1
3068	9	27	12	30	0	29	1	3	35	1	1
3068	9	28	9	30	0	29	1	3	35	1	1
3068	9	29	6	30	0	29	1	3	35	1	1
3068	9	30	3	30	0	29	1	3	35	1	1
3068	9	31	30	30	0	101	0	4	35	1	1
3068	9	32	27	30	0	101	1	4	35	1	1
3068	9	33	24	30	0	101	1	4	35	1	1
3068	9	34	21	30	0	101	0	4	35	1	1
3068	9	35	18	30	0	101	1	4	35	1	1
3068	9	36	15	30	0	101	1	4	35	1	1
3068	9	37	12	30	0	101	1	4	35	1	1
3068	9	38	9	30	0	101	1	4	35	1	1
3068	9	39	6	30	0	101	1	4	35	1	1
3068	9	40	3	30	0	101	1	4	35	1	1
3068	9	41	30	30	0	56	0	5	35	1	1
3068	9	42	27	30	0	56	1	5	35	1	1
3068	9	43	24	30	0	56	1	5	35	1	1
3068	9	44	21	30	0	56	1	5	35	1	1
3068	9	45	18	30	0	56	1	5	35	1	1
3068	9	46	15	30	0	56	1	5	35	1	1
3068	9	47	12	30	0	56	1	5	35	1	1
3068	9	48	9	30	0	56	1	5	35	1	1
3068	9	49	6	30	0	56	1	5	35	1	1
3068	9	50	3	30	0	56	1	5	35	1	1
3069	10	1	30	30	0	29	0	1	36	1	1
3069	10	2	27	30	0	29	0	1	36	1	1
3069	10	3	24	30	0	29	0	1	36	1	1
3069	10	4	21	30	0	29	0	1	36	1	1
3069	10	5	18	30	0	29	1	1	36	1	1
3069	10	6	15	30	0	29	1	1	36	1	1
3069	10	7	12	30	0	29	1	1	36	1	1
3069	10	8	9	30	0	29	1	1	36	1	1
3069	10	9	6	30	0	29	1	1	36	1	1
3069	10	10	3	30	0	29	1	1	36	1	1
3069	10	11	30	30	0	15	0	2	36	1	1
3069	10	12	27	30	0	15	0	2	36	1	1
3069	10	13	24	30	0	15	1	2	36	1	1
3069	10	14	21	30	0	15	1	2	36	1	1
3069	10	15	18	30	0	15	1	2	36	1	1
3069	10	16	15	30	0	15	1	2	36	1	1
3069	10	17	12	30	0	15	1	2	36	1	1
3069	10	18	9	30	0	15	1	2	36	1	1
3069	10	19	6	30	0	15	1	2	36	1	1
3069	10	20	3	30	0	15	1	2	36	1	1
3069	10	21	30	30	0	56	0	3	36	1	1
3069	10	22	27	30	0	56	0	3	36	1	1
3069	10	23	24	30	0	56	0	3	36	1	1
3069	10	24	21	30	0	56	0	3	36	1	1
3069	10	25	18	30	0	56	0	3	36	1	1
3069	10	26	15	30	0	56	0	3	36	1	1
3069	10	27	12	30	0	56	1	3	36	1	1
3069	10	28	9	30	0	56	1	3	36	1	1
3069	10	29	6	30	0	56	1	3	36	1	1
3069	10	30	3	30	0	56	1	3	36	1	1
3069	10	31	30	30	0	7	0	4	36	1	1
3069	10	32	27	30	0	7	0	4	36	1	1
3069	10	33	24	30	0	7	1	4	36	1	1
3069	10	34	21	30	0	7	1	4	36	1	1
3069	10	35	18	30	0	7	1	4	36	1	1
3069	10	36	15	30	0	7	1	4	36	1	1
3069	10	37	12	30	0	7	1	4	36	1	1
3069	10	38	9	30	0	7	1	4	36	1	1
3069	10	39	6	30	0	7	1	4	36	1	1
3069	10	40	3	30	0	7	1	4	36	1	1
3069	10	41	30	30	0	101	0	5	36	1	1
3069	10	42	27	30	0	101	0	5	36	1	1
3069	10	43	24	30	0	101	0	5	36	1	1
3069	10	44	21	30	0	101	0	5	36	1	1
3069	10	45	18	30	0	101	0	5	36	1	1
3069	10	46	15	30	0	101	0	5	36	1	1
3069	10	47	12	30	0	101	0	5	36	1	1
3069	10	48	9	30	0	101	1	5	36	1	1
3069	10	49	6	30	0	101	1	5	36	1	1
3069	10	50	3	30	0	101	1	5	36	1	1
3074	1	1	3	30	0	7	1	1	37	1	1
3074	1	2	6	30	0	7	1	1	37	1	1
3074	1	3	9	30	0	7	1	1	37	1	1
3074	1	4	12	30	0	7	1	1	37	1	1
3074	1	5	15	30	0	7	1	1	37	1	1
3074	1	6	18	30	0	7	1	1	37	1	1
3074	1	7	21	30	0	7	1	1	37	1	1
3074	1	8	24	30	0	7	0	1	37	1	1
3074	1	9	27	30	0	7	0	1	37	1	1
3074	1	10	30	30	0	7	0	1	37	1	1
3074	1	11	3	30	0	15	1	2	37	1	1
3074	1	12	6	30	0	15	1	2	37	1	1
3074	1	13	9	30	0	15	1	2	37	1	1
3074	1	14	12	30	0	15	1	2	37	1	1
3074	1	15	15	30	0	15	1	2	37	1	1
3074	1	16	18	30	0	15	1	2	37	1	1
3074	1	17	21	30	0	15	0	2	37	1	1
3074	1	18	24	30	0	15	0	2	37	1	1
3074	1	19	27	30	0	15	0	2	37	1	1
3074	1	20	30	30	0	15	0	2	37	1	1
3074	1	21	3	30	0	101	0	3	37	1	1
3074	1	22	6	30	0	101	0	3	37	1	1
3074	1	23	9	30	0	101	0	3	37	1	1
3074	1	24	12	30	0	101	0	3	37	1	1
3074	1	25	15	30	0	101	0	3	37	1	1
3074	1	26	18	30	0	101	0	3	37	1	1
3074	1	27	21	30	0	101	0	3	37	1	1
3074	1	28	24	30	0	101	0	3	37	1	1
3074	1	29	27	30	0	101	0	3	37	1	1
3074	1	30	30	30	0	101	0	3	37	1	1
3074	1	31	3	30	0	29	1	4	37	1	1
3074	1	32	6	30	0	29	1	4	37	1	1
3074	1	33	9	30	0	29	1	4	37	1	1
3074	1	34	12	30	0	29	1	4	37	1	1
3074	1	35	15	30	0	29	1	4	37	1	1
3074	1	36	18	30	0	29	1	4	37	1	1
3074	1	37	21	30	0	29	0	4	37	1	1
3074	1	38	24	30	0	29	0	4	37	1	1
3074	1	39	27	30	0	29	0	4	37	1	1
3074	1	40	30	30	0	29	0	4	37	1	1
3074	1	41	3	30	0	56	1	5	37	1	1
3074	1	42	6	30	0	56	1	5	37	1	1
3074	1	43	9	30	0	56	1	5	37	1	1
3074	1	44	12	30	0	56	0	5	37	1	1
3074	1	45	15	30	0	56	0	5	37	1	1
3074	1	46	18	30	0	56	0	5	37	1	1
3074	1	47	21	30	0	56	0	5	37	1	1
3074	1	48	24	30	0	56	0	5	37	1	1
3074	1	49	27	30	0	56	0	5	37	1	1
3074	1	50	30	30	0	56	0	5	37	1	1
3076	2	1	30	30	0	15	0	1	38	1	1
3076	2	2	27	30	0	15	0	1	38	1	1
3076	2	3	24	30	0	15	1	1	38	1	1
3076	2	4	21	30	0	15	1	1	38	1	1
3076	2	5	18	30	0	15	1	1	38	1	1
3076	2	6	15	30	0	15	1	1	38	1	1
3076	2	7	12	30	0	15	1	1	38	1	1
3076	2	8	9	30	0	15	1	1	38	1	1
3076	2	9	6	30	0	15	1	1	38	1	1
3076	2	10	3	30	0	15	1	1	38	1	1
3076	2	11	30	30	0	29	0	2	38	1	1
3076	2	12	27	30	0	29	0	2	38	1	1
3076	2	13	24	30	0	29	0	2	38	1	1
3076	2	14	21	30	0	29	0	2	38	1	1
3076	2	15	18	30	0	29	0	2	38	1	1
3076	2	16	15	30	0	29	0	2	38	1	1
3076	2	17	12	30	0	29	0	2	38	1	1
3076	2	18	9	30	0	29	1	2	38	1	1
3076	2	19	6	30	0	29	0	2	38	1	1
3076	2	20	3	30	0	29	0	2	38	1	1
3076	2	21	30	30	0	7	0	3	38	1	1
3076	2	22	27	30	0	7	1	3	38	1	1
3076	2	23	24	30	0	7	1	3	38	1	1
3076	2	24	21	30	0	7	1	3	38	1	1
3076	2	25	18	30	0	7	1	3	38	1	1
3076	2	26	15	30	0	7	1	3	38	1	1
3076	2	27	12	30	0	7	1	3	38	1	1
3076	2	28	9	30	0	7	1	3	38	1	1
3076	2	29	6	30	0	7	1	3	38	1	1
3076	2	30	3	30	0	7	1	3	38	1	1
3076	2	31	30	30	0	56	0	4	38	1	1
3076	2	32	27	30	0	56	0	4	38	1	1
3076	2	33	24	30	0	56	0	4	38	1	1
3076	2	34	21	30	0	56	0	4	38	1	1
3076	2	35	18	30	0	56	0	4	38	1	1
3076	2	36	15	30	0	56	0	4	38	1	1
3076	2	37	12	30	0	56	0	4	38	1	1
3076	2	38	9	30	0	56	0	4	38	1	1
3076	2	39	6	30	0	56	0	4	38	1	1
3076	2	40	3	30	0	56	0	4	38	1	1
3076	2	41	30	30	0	101	0	5	38	1	1
3076	2	42	27	30	0	101	0	5	38	1	1
3076	2	43	24	30	0	101	0	5	38	1	1
3076	2	44	21	30	0	101	0	5	38	1	1
3076	2	45	18	30	0	101	0	5	38	1	1
3076	2	46	15	30	0	101	0	5	38	1	1
3076	2	47	12	30	0	101	0	5	38	1	1
3076	2	48	9	30	0	101	0	5	38	1	1
3076	2	49	6	30	0	101	0	5	38	1	1
3076	2	50	3	30	0	101	0	5	38	1	1
3077	3	1	3	30	0	29	1	1	39	1	1
3077	3	2	6	30	0	29	1	1	39	1	1
3077	3	3	9	30	0	29	1	1	39	1	1
3077	3	4	12	30	0	29	1	1	39	1	1
3077	3	5	15	30	0	29	1	1	39	1	1
3077	3	6	18	30	0	29	0	1	39	1	1
3077	3	7	21	30	0	29	0	1	39	1	1
3077	3	8	24	30	0	29	0	1	39	1	1
3077	3	9	27	30	0	29	0	1	39	1	1
3077	3	10	30	30	0	29	0	1	39	1	1
3077	3	11	3	30	0	56	1	2	39	1	1
3077	3	12	6	30	0	56	1	2	39	1	1
3077	3	13	9	30	0	56	1	2	39	1	1
3077	3	14	12	30	0	56	1	2	39	1	1
3077	3	15	15	30	0	56	1	2	39	1	1
3077	3	16	18	30	0	56	1	2	39	1	1
3077	3	17	21	30	0	56	1	2	39	1	1
3077	3	18	24	30	0	56	0	2	39	1	1
3077	3	19	27	30	0	56	0	2	39	1	1
3077	3	20	30	30	0	56	0	2	39	1	1
3077	3	21	3	30	0	15	1	3	39	1	1
3077	3	22	6	30	0	15	1	3	39	1	1
3077	3	23	9	30	0	15	1	3	39	1	1
3077	3	24	12	30	0	15	1	3	39	1	1
3077	3	25	15	30	0	15	1	3	39	1	1
3077	3	26	18	30	0	15	1	3	39	1	1
3077	3	27	21	30	0	15	0	3	39	1	1
3077	3	28	24	30	0	15	0	3	39	1	1
3077	3	29	27	30	0	15	0	3	39	1	1
3077	3	30	30	30	0	15	0	3	39	1	1
3077	3	31	3	30	0	101	0	4	39	1	1
3077	3	32	6	30	0	101	0	4	39	1	1
3077	3	33	9	30	0	101	0	4	39	1	1
3077	3	34	12	30	0	101	1	4	39	1	1
3077	3	35	15	30	0	101	1	4	39	1	1
3077	3	36	18	30	0	101	1	4	39	1	1
3077	3	37	21	30	0	101	1	4	39	1	1
3077	3	38	24	30	0	101	0	4	39	1	1
3077	3	39	27	30	0	101	0	4	39	1	1
3077	3	40	30	30	0	101	0	4	39	1	1
3077	3	41	3	30	0	7	1	5	39	1	1
3077	3	42	6	30	0	7	1	5	39	1	1
3077	3	43	9	30	0	7	1	5	39	1	1
3077	3	44	12	30	0	7	1	5	39	1	1
3077	3	45	15	30	0	7	1	5	39	1	1
3077	3	46	18	30	0	7	1	5	39	1	1
3077	3	47	21	30	0	7	1	5	39	1	1
3077	3	48	24	30	0	7	0	5	39	1	1
3077	3	49	27	30	0	7	0	5	39	1	1
3077	3	50	30	30	0	7	0	5	39	1	1
3079	5	1	30	30	0	101	0	1	40	1	1
3079	5	2	27	30	0	101	0	1	40	1	1
3079	5	3	24	30	0	101	0	1	40	1	1
3079	5	4	21	30	0	101	0	1	40	1	1
3079	5	5	18	30	0	101	1	1	40	1	1
3079	5	6	15	30	0	101	1	1	40	1	1
3079	5	7	12	30	0	101	0	1	40	1	1
3079	5	8	9	30	0	101	0	1	40	1	1
3079	5	9	6	30	0	101	0	1	40	1	1
3079	5	10	3	30	0	101	0	1	40	1	1
3079	5	11	30	30	0	7	0	2	40	1	1
3079	5	12	27	30	0	7	1	2	40	1	1
3079	5	13	24	30	0	7	1	2	40	1	1
3079	5	14	21	30	0	7	1	2	40	1	1
3079	5	15	18	30	0	7	1	2	40	1	1
3079	5	16	15	30	0	7	1	2	40	1	1
3079	5	17	12	30	0	7	1	2	40	1	1
3079	5	18	9	30	0	7	1	2	40	1	1
3079	5	19	6	30	0	7	1	2	40	1	1
3079	5	20	3	30	0	7	1	2	40	1	1
3079	5	21	30	30	0	56	0	3	40	1	1
3079	5	22	27	30	0	56	0	3	40	1	1
3079	5	23	24	30	0	56	0	3	40	1	1
3079	5	24	21	30	0	56	0	3	40	1	1
3079	5	25	18	30	0	56	0	3	40	1	1
3079	5	26	15	30	0	56	0	3	40	1	1
3079	5	27	12	30	0	56	0	3	40	1	1
3079	5	28	9	30	0	56	0	3	40	1	1
3079	5	29	6	30	0	56	0	3	40	1	1
3079	5	30	3	30	0	56	0	3	40	1	1
3079	5	31	30	30	0	15	0	4	40	1	1
3079	5	32	27	30	0	15	0	4	40	1	1
3079	5	33	24	30	0	15	0	4	40	1	1
3079	5	34	21	30	0	15	0	4	40	1	1
3079	5	35	18	30	0	15	0	4	40	1	1
3079	5	36	15	30	0	15	0	4	40	1	1
3079	5	37	12	30	0	15	0	4	40	1	1
3079	5	38	9	30	0	15	1	4	40	1	1
3079	5	39	6	30	0	15	1	4	40	1	1
3079	5	40	3	30	0	15	1	4	40	1	1
3079	5	41	30	30	0	29	0	5	40	1	1
3079	5	42	27	30	0	29	0	5	40	1	1
3079	5	43	24	30	0	29	0	5	40	1	1
3079	5	44	21	30	0	29	0	5	40	1	1
3079	5	45	18	30	0	29	0	5	40	1	1
3079	5	46	15	30	0	29	0	5	40	1	1
3079	5	47	12	30	0	29	0	5	40	1	1
3079	5	48	9	30	0	29	0	5	40	1	1
3079	5	49	6	30	0	29	0	5	40	1	1
3079	5	50	3	30	0	29	0	5	40	1	1
3080	6	1	30	30	0	56	0	1	41	1	1
3080	6	2	27	30	0	56	0	1	41	1	1
3080	6	3	24	30	0	56	1	1	41	1	1
3080	6	4	21	30	0	56	0	1	41	1	1
3080	6	5	18	30	0	56	1	1	41	1	1
3080	6	6	15	30	0	56	0	1	41	1	1
3080	6	7	12	30	0	56	1	1	41	1	1
3080	6	8	9	30	0	56	1	1	41	1	1
3080	6	9	6	30	0	56	1	1	41	1	1
3080	6	10	3	30	0	56	1	1	41	1	1
3080	6	11	30	30	0	29	0	2	41	1	1
3080	6	12	27	30	0	29	0	2	41	1	1
3080	6	13	24	30	0	29	0	2	41	1	1
3080	6	14	21	30	0	29	1	2	41	1	1
3080	6	15	18	30	0	29	1	2	41	1	1
3080	6	16	15	30	0	29	0	2	41	1	1
3080	6	17	12	30	0	29	1	2	41	1	1
3080	6	18	9	30	0	29	1	2	41	1	1
3080	6	19	6	30	0	29	0	2	41	1	1
3080	6	20	3	30	0	29	1	2	41	1	1
3080	6	21	30	30	0	101	0	3	41	1	1
3080	6	22	27	30	0	101	0	3	41	1	1
3080	6	23	24	30	0	101	0	3	41	1	1
3080	6	24	21	30	0	101	0	3	41	1	1
3080	6	25	18	30	0	101	0	3	41	1	1
3080	6	26	15	30	0	101	0	3	41	1	1
3080	6	27	12	30	0	101	0	3	41	1	1
3080	6	28	9	30	0	101	1	3	41	1	1
3080	6	29	6	30	0	101	1	3	41	1	1
3080	6	30	3	30	0	101	1	3	41	1	1
3080	6	31	30	30	0	15	0	4	41	1	1
3080	6	32	27	30	0	15	0	4	41	1	1
3080	6	33	24	30	0	15	0	4	41	1	1
3080	6	34	21	30	0	15	0	4	41	1	1
3080	6	35	18	30	0	15	1	4	41	1	1
3080	6	36	15	30	0	15	1	4	41	1	1
3080	6	37	12	30	0	15	1	4	41	1	1
3080	6	38	9	30	0	15	1	4	41	1	1
3080	6	39	6	30	0	15	1	4	41	1	1
3080	6	40	3	30	0	15	1	4	41	1	1
3080	6	41	30	30	0	7	0	5	41	1	1
3080	6	42	27	30	0	7	0	5	41	1	1
3080	6	43	24	30	0	7	1	5	41	1	1
3080	6	44	21	30	0	7	1	5	41	1	1
3080	6	45	18	30	0	7	1	5	41	1	1
3080	6	46	15	30	0	7	1	5	41	1	1
3080	6	47	12	30	0	7	1	5	41	1	1
3080	6	48	9	30	0	7	1	5	41	1	1
3080	6	49	6	30	0	7	1	5	41	1	1
3080	6	50	3	30	0	7	1	5	41	1	1
3083	7	1	30	30	0	101	0	1	42	1	1
3083	7	2	27	30	0	101	0	1	42	1	1
3083	7	3	24	30	0	101	0	1	42	1	1
3083	7	4	21	30	0	101	1	1	42	1	1
3083	7	5	18	30	0	101	1	1	42	1	1
3083	7	6	15	30	0	101	1	1	42	1	1
3083	7	7	12	30	0	101	1	1	42	1	1
3083	7	8	9	30	0	101	1	1	42	1	1
3083	7	9	6	30	0	101	1	1	42	1	1
3083	7	10	3	30	0	101	1	1	42	1	1
3083	7	11	30	30	0	56	0	2	42	1	1
3083	7	12	27	30	0	56	0	2	42	1	1
3083	7	13	24	30	0	56	0	2	42	1	1
3083	7	14	21	30	0	56	0	2	42	1	1
3083	7	15	18	30	0	56	0	2	42	1	1
3083	7	16	15	30	0	56	1	2	42	1	1
3083	7	17	12	30	0	56	1	2	42	1	1
3083	7	18	9	30	0	56	1	2	42	1	1
3083	7	19	6	30	0	56	1	2	42	1	1
3083	7	20	3	30	0	56	1	2	42	1	1
3083	7	21	30	30	0	7	0	3	42	1	1
3083	7	22	27	30	0	7	1	3	42	1	1
3083	7	23	24	30	0	7	1	3	42	1	1
3083	7	24	21	30	0	7	1	3	42	1	1
3083	7	25	18	30	0	7	1	3	42	1	1
3083	7	26	15	30	0	7	1	3	42	1	1
3083	7	27	12	30	0	7	1	3	42	1	1
3083	7	28	9	30	0	7	1	3	42	1	1
3083	7	29	6	30	0	7	1	3	42	1	1
3083	7	30	3	30	0	7	1	3	42	1	1
3083	7	31	30	30	0	29	0	4	42	1	1
3083	7	32	27	30	0	29	0	4	42	1	1
3083	7	33	24	30	0	29	0	4	42	1	1
3083	7	34	21	30	0	29	0	4	42	1	1
3083	7	35	18	30	0	29	1	4	42	1	1
3083	7	36	15	30	0	29	1	4	42	1	1
3083	7	37	12	30	0	29	1	4	42	1	1
3083	7	38	9	30	0	29	1	4	42	1	1
3083	7	39	6	30	0	29	1	4	42	1	1
3083	7	40	3	30	0	29	1	4	42	1	1
3083	7	41	30	30	0	15	0	5	42	1	1
3083	7	42	27	30	0	15	0	5	42	1	1
3083	7	43	24	30	0	15	1	5	42	1	1
3083	7	44	21	30	0	15	1	5	42	1	1
3083	7	45	18	30	0	15	1	5	42	1	1
3083	7	46	15	30	0	15	1	5	42	1	1
3083	7	47	12	30	0	15	1	5	42	1	1
3083	7	48	9	30	0	15	1	5	42	1	1
3083	7	49	6	30	0	15	1	5	42	1	1
3083	7	50	3	30	0	15	1	5	42	1	1
3084	8	1	3	30	0	7	1	1	43	1	1
3084	8	2	6	30	0	7	1	1	43	1	1
3084	8	3	9	30	0	7	1	1	43	1	1
3084	8	4	12	30	0	7	1	1	43	1	1
3084	8	5	15	30	0	7	1	1	43	1	1
3084	8	6	18	30	0	7	1	1	43	1	1
3084	8	7	21	30	0	7	1	1	43	1	1
3084	8	8	24	30	0	7	0	1	43	1	1
3084	8	9	27	30	0	7	0	1	43	1	1
3084	8	10	30	30	0	7	0	1	43	1	1
3084	8	11	3	30	0	101	1	2	43	1	1
3084	8	12	6	30	0	101	0	2	43	1	1
3084	8	13	9	30	0	101	0	2	43	1	1
3084	8	14	12	30	0	101	0	2	43	1	1
3084	8	15	15	30	0	101	0	2	43	1	1
3084	8	16	18	30	0	101	0	2	43	1	1
3084	8	17	21	30	0	101	0	2	43	1	1
3084	8	18	24	30	0	101	0	2	43	1	1
3084	8	19	27	30	0	101	0	2	43	1	1
3084	8	20	30	30	0	101	0	2	43	1	1
3084	8	21	3	30	0	15	1	3	43	1	1
3084	8	22	6	30	0	15	1	3	43	1	1
3084	8	23	9	30	0	15	1	3	43	1	1
3084	8	24	12	30	0	15	1	3	43	1	1
3084	8	25	15	30	0	15	1	3	43	1	1
3084	8	26	18	30	0	15	0	3	43	1	1
3084	8	27	21	30	0	15	0	3	43	1	1
3084	8	28	24	30	0	15	0	3	43	1	1
3084	8	29	27	30	0	15	0	3	43	1	1
3084	8	30	30	30	0	15	0	3	43	1	1
3084	8	31	3	30	0	56	0	4	43	1	1
3084	8	32	6	30	0	56	0	4	43	1	1
3084	8	33	9	30	0	56	0	4	43	1	1
3084	8	34	12	30	0	56	0	4	43	1	1
3084	8	35	15	30	0	56	0	4	43	1	1
3084	8	36	18	30	0	56	0	4	43	1	1
3084	8	37	21	30	0	56	0	4	43	1	1
3084	8	38	24	30	0	56	0	4	43	1	1
3084	8	39	27	30	0	56	0	4	43	1	1
3084	8	40	30	30	0	56	0	4	43	1	1
3084	8	41	3	30	0	29	0	5	43	1	1
3084	8	42	6	30	0	29	0	5	43	1	1
3084	8	43	9	30	0	29	0	5	43	1	1
3084	8	44	12	30	0	29	0	5	43	1	1
3084	8	45	15	30	0	29	0	5	43	1	1
3084	8	46	18	30	0	29	0	5	43	1	1
3084	8	47	21	30	0	29	0	5	43	1	1
3084	8	48	24	30	0	29	0	5	43	1	1
3084	8	49	27	30	0	29	0	5	43	1	1
3084	8	50	30	30	0	29	0	5	43	1	1
3086	9	1	30	30	0	15	1	1	44	1	1
3086	9	2	27	30	0	15	1	1	44	1	1
3086	9	3	24	30	0	15	1	1	44	1	1
3086	9	4	21	30	0	15	0	1	44	1	1
3086	9	5	18	30	0	15	0	1	44	1	1
3086	9	6	15	30	0	15	1	1	44	1	1
3086	9	7	12	30	0	15	0	1	44	1	1
3086	9	8	9	30	0	15	0	1	44	1	1
3086	9	9	6	30	0	15	1	1	44	1	1
3086	9	10	3	30	0	15	0	1	44	1	1
3086	9	11	30	30	0	7	0	2	44	1	1
3086	9	12	27	30	0	7	0	2	44	1	1
3086	9	13	24	30	0	7	0	2	44	1	1
3086	9	14	21	30	0	7	0	2	44	1	1
3086	9	15	18	30	0	7	1	2	44	1	1
3086	9	16	15	30	0	7	0	2	44	1	1
3086	9	17	12	30	0	7	1	2	44	1	1
3086	9	18	9	30	0	7	0	2	44	1	1
3086	9	19	6	30	0	7	1	2	44	1	1
3086	9	20	3	30	0	7	0	2	44	1	1
3086	9	21	30	30	0	29	0	3	44	1	1
3086	9	22	27	30	0	29	0	3	44	1	1
3086	9	23	24	30	0	29	0	3	44	1	1
3086	9	24	21	30	0	29	0	3	44	1	1
3086	9	25	18	30	0	29	0	3	44	1	1
3086	9	26	15	30	0	29	0	3	44	1	1
3086	9	27	12	30	0	29	0	3	44	1	1
3086	9	28	9	30	0	29	0	3	44	1	1
3086	9	29	6	30	0	29	0	3	44	1	1
3086	9	30	3	30	0	29	0	3	44	1	1
3086	9	31	30	30	0	101	0	4	44	1	1
3086	9	32	27	30	0	101	0	4	44	1	1
3086	9	33	24	30	0	101	0	4	44	1	1
3086	9	34	21	30	0	101	0	4	44	1	1
3086	9	35	18	30	0	101	0	4	44	1	1
3086	9	36	15	30	0	101	0	4	44	1	1
3086	9	37	12	30	0	101	0	4	44	1	1
3086	9	38	9	30	0	101	0	4	44	1	1
3086	9	39	6	30	0	101	0	4	44	1	1
3086	9	40	3	30	0	101	0	4	44	1	1
3086	9	41	30	30	0	56	0	5	44	1	1
3086	9	42	27	30	0	56	0	5	44	1	1
3086	9	43	24	30	0	56	0	5	44	1	1
3086	9	44	21	30	0	56	0	5	44	1	1
3086	9	45	18	30	0	56	0	5	44	1	1
3086	9	46	15	30	0	56	0	5	44	1	1
3086	9	47	12	30	0	56	0	5	44	1	1
3086	9	48	9	30	0	56	0	5	44	1	1
3086	9	49	6	30	0	56	0	5	44	1	1
3086	9	50	3	30	0	56	0	5	44	1	1
3088	10	1	3	30	0	29	1	1	45	1	1
3088	10	2	6	30	0	29	1	1	45	1	1
3088	10	3	9	30	0	29	0	1	45	1	1
3088	10	4	12	30	0	29	0	1	45	1	1
3088	10	5	15	30	0	29	1	1	45	1	1
3088	10	6	18	30	0	29	1	1	45	1	1
3088	10	7	21	30	0	29	1	1	45	1	1
3088	10	8	24	30	0	29	1	1	45	1	1
3088	10	9	27	30	0	29	0	1	45	1	1
3088	10	10	30	30	0	29	0	1	45	1	1
3088	10	11	3	30	0	15	1	2	45	1	1
3088	10	12	6	30	0	15	1	2	45	1	1
3088	10	13	9	30	0	15	1	2	45	1	1
3088	10	14	12	30	0	15	1	2	45	1	1
3088	10	15	15	30	0	15	1	2	45	1	1
3088	10	16	18	30	0	15	1	2	45	1	1
3088	10	17	21	30	0	15	1	2	45	1	1
3088	10	18	24	30	0	15	1	2	45	1	1
3088	10	19	27	30	0	15	1	2	45	1	1
3088	10	20	30	30	0	15	0	2	45	1	1
3088	10	21	3	30	0	56	1	3	45	1	1
3088	10	22	6	30	0	56	1	3	45	1	1
3088	10	23	9	30	0	56	1	3	45	1	1
3088	10	24	12	30	0	56	1	3	45	1	1
3088	10	25	15	30	0	56	1	3	45	1	1
3088	10	26	18	30	0	56	1	3	45	1	1
3088	10	27	21	30	0	56	1	3	45	1	1
3088	10	28	24	30	0	56	1	3	45	1	1
3088	10	29	27	30	0	56	1	3	45	1	1
3088	10	30	30	30	0	56	0	3	45	1	1
3088	10	31	3	30	0	7	1	4	45	1	1
3088	10	32	6	30	0	7	1	4	45	1	1
3088	10	33	9	30	0	7	1	4	45	1	1
3088	10	34	12	30	0	7	1	4	45	1	1
3088	10	35	15	30	0	7	1	4	45	1	1
3088	10	36	18	30	0	7	1	4	45	1	1
3088	10	37	21	30	0	7	1	4	45	1	1
3088	10	38	24	30	0	7	1	4	45	1	1
3088	10	39	27	30	0	7	1	4	45	1	1
3088	10	40	30	30	0	7	0	4	45	1	1
3088	10	41	3	30	0	101	1	5	45	1	1
3088	10	42	6	30	0	101	1	5	45	1	1
3088	10	43	9	30	0	101	1	5	45	1	1
3088	10	44	12	30	0	101	1	5	45	1	1
3088	10	45	15	30	0	101	1	5	45	1	1
3088	10	46	18	30	0	101	1	5	45	1	1
3088	10	47	21	30	0	101	1	5	45	1	1
3088	10	48	24	30	0	101	1	5	45	1	1
3088	10	49	27	30	0	101	1	5	45	1	1
3088	10	50	30	30	0	101	0	5	45	1	1
3091	2	1	30	30	0	15	0	1	46	1	1
3091	2	2	27	30	0	15	0	1	46	1	1
3091	2	3	24	30	0	15	0	1	46	1	1
3091	2	4	21	30	0	15	1	1	46	1	1
3091	2	5	18	30	0	15	1	1	46	1	1
3091	2	6	15	30	0	15	1	1	46	1	1
3091	2	7	12	30	0	15	1	1	46	1	1
3091	2	8	9	30	0	15	1	1	46	1	1
3091	2	9	6	30	0	15	1	1	46	1	1
3091	2	10	3	30	0	15	1	1	46	1	1
3091	2	11	30	30	0	29	0	2	46	1	1
3091	2	12	27	30	0	29	0	2	46	1	1
3091	2	13	24	30	0	29	0	2	46	1	1
3091	2	14	21	30	0	29	0	2	46	1	1
3091	2	15	18	30	0	29	0	2	46	1	1
3091	2	16	15	30	0	29	0	2	46	1	1
3091	2	17	12	30	0	29	1	2	46	1	1
3091	2	18	9	30	0	29	1	2	46	1	1
3091	2	19	6	30	0	29	1	2	46	1	1
3091	2	20	3	30	0	29	1	2	46	1	1
3091	2	21	30	30	0	7	0	3	46	1	1
3091	2	22	27	30	0	7	0	3	46	1	1
3091	2	23	24	30	0	7	1	3	46	1	1
3091	2	24	21	30	0	7	1	3	46	1	1
3091	2	25	18	30	0	7	1	3	46	1	1
3091	2	26	15	30	0	7	1	3	46	1	1
3091	2	27	12	30	0	7	1	3	46	1	1
3091	2	28	9	30	0	7	1	3	46	1	1
3091	2	29	6	30	0	7	1	3	46	1	1
3091	2	30	3	30	0	7	1	3	46	1	1
3091	2	31	30	30	0	56	0	4	46	1	1
3091	2	32	27	30	0	56	0	4	46	1	1
3091	2	33	24	30	0	56	0	4	46	1	1
3091	2	34	21	30	0	56	0	4	46	1	1
3091	2	35	18	30	0	56	0	4	46	1	1
3091	2	36	15	30	0	56	0	4	46	1	1
3091	2	37	12	30	0	56	0	4	46	1	1
3091	2	38	9	30	0	56	0	4	46	1	1
3091	2	39	6	30	0	56	1	4	46	1	1
3091	2	40	3	30	0	56	1	4	46	1	1
3091	2	41	30	30	0	101	0	5	46	1	1
3091	2	42	27	30	0	101	0	5	46	1	1
3091	2	43	24	30	0	101	1	5	46	1	1
3091	2	44	21	30	0	101	0	5	46	1	1
3091	2	45	18	30	0	101	0	5	46	1	1
3091	2	46	15	30	0	101	0	5	46	1	1
3091	2	47	12	30	0	101	0	5	46	1	1
3091	2	48	9	30	0	101	0	5	46	1	1
3091	2	49	6	30	0	101	0	5	46	1	1
3091	2	50	3	30	0	101	1	5	46	1	1
