Participant	block_order	trial	A	B	DA	DB	R	index	ID	PA	PB
4001	1	1	3	30	0	7	1	1	1	1	1
4001	1	2	6	30	0	7	1	1	1	1	1
4001	1	3	9	30	0	7	1	1	1	1	1
4001	1	4	12	30	0	7	1	1	1	1	1
4001	1	5	15	30	0	7	1	1	1	1	1
4001	1	6	18	30	0	7	1	1	1	1	1
4001	1	7	21	30	0	7	0	1	1	1	1
4001	1	8	24	30	0	7	0	1	1	1	1
4001	1	9	27	30	0	7	0	1	1	1	1
4001	1	10	30	30	0	7	0	1	1	1	1
4001	1	11	3	30	0	15	1	2	1	1	1
4001	1	12	6	30	0	15	1	2	1	1	1
4001	1	13	9	30	0	15	1	2	1	1	1
4001	1	14	12	30	0	15	0	2	1	1	1
4001	1	15	15	30	0	15	0	2	1	1	1
4001	1	16	18	30	0	15	0	2	1	1	1
4001	1	17	21	30	0	15	0	2	1	1	1
4001	1	18	24	30	0	15	0	2	1	1	1
4001	1	19	27	30	0	15	0	2	1	1	1
4001	1	20	30	30	0	15	0	2	1	1	1
4001	1	21	3	30	0	101	0	3	1	1	1
4001	1	22	6	30	0	101	0	3	1	1	1
4001	1	23	9	30	0	101	0	3	1	1	1
4001	1	24	12	30	0	101	0	3	1	1	1
4001	1	25	15	30	0	101	0	3	1	1	1
4001	1	26	18	30	0	101	0	3	1	1	1
4001	1	27	21	30	0	101	0	3	1	1	1
4001	1	28	24	30	0	101	0	3	1	1	1
4001	1	29	27	30	0	101	0	3	1	1	1
4001	1	30	30	30	0	101	0	3	1	1	1
4001	1	31	3	30	0	29	0	4	1	1	1
4001	1	32	6	30	0	29	0	4	1	1	1
4001	1	33	9	30	0	29	0	4	1	1	1
4001	1	34	12	30	0	29	0	4	1	1	1
4001	1	35	15	30	0	29	0	4	1	1	1
4001	1	36	18	30	0	29	0	4	1	1	1
4001	1	37	21	30	0	29	0	4	1	1	1
4001	1	38	24	30	0	29	0	4	1	1	1
4001	1	39	27	30	0	29	0	4	1	1	1
4001	1	40	30	30	0	29	0	4	1	1	1
4001	1	41	3	30	0	56	0	5	1	1	1
4001	1	42	6	30	0	56	0	5	1	1	1
4001	1	43	9	30	0	56	0	5	1	1	1
4001	1	44	12	30	0	56	0	5	1	1	1
4001	1	45	15	30	0	56	0	5	1	1	1
4001	1	46	18	30	0	56	0	5	1	1	1
4001	1	47	21	30	0	56	0	5	1	1	1
4001	1	48	24	30	0	56	0	5	1	1	1
4001	1	49	27	30	0	56	0	5	1	1	1
4001	1	50	30	30	0	56	0	5	1	1	1
4003	2	1	3	30	0	15	1	1	2	1	1
4003	2	2	6	30	0	15	1	1	2	1	1
4003	2	3	9	30	0	15	0	1	2	1	1
4003	2	4	12	30	0	15	0	1	2	1	1
4003	2	5	15	30	0	15	0	1	2	1	1
4003	2	6	18	30	0	15	0	1	2	1	1
4003	2	7	21	30	0	15	0	1	2	1	1
4003	2	8	24	30	0	15	0	1	2	1	1
4003	2	9	27	30	0	15	0	1	2	1	1
4003	2	10	30	30	0	15	0	1	2	1	1
4003	2	11	3	30	0	29	1	2	2	1	1
4003	2	12	6	30	0	29	1	2	2	1	1
4003	2	13	9	30	0	29	1	2	2	1	1
4003	2	14	12	30	0	29	1	2	2	1	1
4003	2	15	15	30	0	29	1	2	2	1	1
4003	2	16	18	30	0	29	1	2	2	1	1
4003	2	17	21	30	0	29	1	2	2	1	1
4003	2	18	24	30	0	29	1	2	2	1	1
4003	2	19	27	30	0	29	1	2	2	1	1
4003	2	20	30	30	0	29	0	2	2	1	1
4003	2	21	3	30	0	7	1	3	2	1	1
4003	2	22	6	30	0	7	1	3	2	1	1
4003	2	23	9	30	0	7	1	3	2	1	1
4003	2	24	12	30	0	7	1	3	2	1	1
4003	2	25	15	30	0	7	1	3	2	1	1
4003	2	26	18	30	0	7	1	3	2	1	1
4003	2	27	21	30	0	7	1	3	2	1	1
4003	2	28	24	30	0	7	1	3	2	1	1
4003	2	29	27	30	0	7	1	3	2	1	1
4003	2	30	30	30	0	7	1	3	2	1	1
4003	2	31	3	30	0	56	1	4	2	1	1
4003	2	32	6	30	0	56	1	4	2	1	1
4003	2	33	9	30	0	56	1	4	2	1	1
4003	2	34	12	30	0	56	1	4	2	1	1
4003	2	35	15	30	0	56	1	4	2	1	1
4003	2	36	18	30	0	56	1	4	2	1	1
4003	2	37	21	30	0	56	0	4	2	1	1
4003	2	38	24	30	0	56	0	4	2	1	1
4003	2	39	27	30	0	56	0	4	2	1	1
4003	2	40	30	30	0	56	0	4	2	1	1
4003	2	41	3	30	0	101	1	5	2	1	1
4003	2	42	6	30	0	101	0	5	2	1	1
4003	2	43	9	30	0	101	0	5	2	1	1
4003	2	44	12	30	0	101	0	5	2	1	1
4003	2	45	15	30	0	101	0	5	2	1	1
4003	2	46	18	30	0	101	0	5	2	1	1
4003	2	47	21	30	0	101	0	5	2	1	1
4003	2	48	24	30	0	101	0	5	2	1	1
4003	2	49	27	30	0	101	0	5	2	1	1
4003	2	50	30	30	0	101	0	5	2	1	1
4004	3	1	30	30	0	29	0	1	3	1	1
4004	3	2	27	30	0	29	0	1	3	1	1
4004	3	3	24	30	0	29	1	1	3	1	1
4004	3	4	21	30	0	29	0	1	3	1	1
4004	3	5	18	30	0	29	1	1	3	1	1
4004	3	6	15	30	0	29	1	1	3	1	1
4004	3	7	12	30	0	29	0	1	3	1	1
4004	3	8	9	30	0	29	0	1	3	1	1
4004	3	9	6	30	0	29	1	1	3	1	1
4004	3	10	3	30	0	29	1	1	3	1	1
4004	3	11	30	30	0	56	0	2	3	1	1
4004	3	12	27	30	0	56	0	2	3	1	1
4004	3	13	24	30	0	56	0	2	3	1	1
4004	3	14	21	30	0	56	0	2	3	1	1
4004	3	15	18	30	0	56	0	2	3	1	1
4004	3	16	15	30	0	56	1	2	3	1	1
4004	3	17	12	30	0	56	1	2	3	1	1
4004	3	18	9	30	0	56	1	2	3	1	1
4004	3	19	6	30	0	56	1	2	3	1	1
4004	3	20	3	30	0	56	1	2	3	1	1
4004	3	21	30	30	0	15	0	3	3	1	1
4004	3	22	27	30	0	15	0	3	3	1	1
4004	3	23	24	30	0	15	0	3	3	1	1
4004	3	24	21	30	0	15	0	3	3	1	1
4004	3	25	18	30	0	15	0	3	3	1	1
4004	3	26	15	30	0	15	0	3	3	1	1
4004	3	27	12	30	0	15	0	3	3	1	1
4004	3	28	9	30	0	15	0	3	3	1	1
4004	3	29	6	30	0	15	0	3	3	1	1
4004	3	30	3	30	0	15	0	3	3	1	1
4004	3	31	30	30	0	101	0	4	3	1	1
4004	3	32	27	30	0	101	0	4	3	1	1
4004	3	33	24	30	0	101	0	4	3	1	1
4004	3	34	21	30	0	101	0	4	3	1	1
4004	3	35	18	30	0	101	0	4	3	1	1
4004	3	36	15	30	0	101	0	4	3	1	1
4004	3	37	12	30	0	101	0	4	3	1	1
4004	3	38	9	30	0	101	0	4	3	1	1
4004	3	39	6	30	0	101	1	4	3	1	1
4004	3	40	3	30	0	101	1	4	3	1	1
4004	3	41	30	30	0	7	0	5	3	1	1
4004	3	42	27	30	0	7	1	5	3	1	1
4004	3	43	24	30	0	7	1	5	3	1	1
4004	3	44	21	30	0	7	1	5	3	1	1
4004	3	45	18	30	0	7	1	5	3	1	1
4004	3	46	15	30	0	7	1	5	3	1	1
4004	3	47	12	30	0	7	1	5	3	1	1
4004	3	48	9	30	0	7	1	5	3	1	1
4004	3	49	6	30	0	7	1	5	3	1	1
4004	3	50	3	30	0	7	1	5	3	1	1
4007	4	1	30	30	0	56	1	1	4	1	1
4007	4	2	27	30	0	56	0	1	4	1	1
4007	4	3	24	30	0	56	0	1	4	1	1
4007	4	4	21	30	0	56	1	1	4	1	1
4007	4	5	18	30	0	56	0	1	4	1	1
4007	4	6	15	30	0	56	1	1	4	1	1
4007	4	7	12	30	0	56	1	1	4	1	1
4007	4	8	9	30	0	56	0	1	4	1	1
4007	4	9	6	30	0	56	1	1	4	1	1
4007	4	10	3	30	0	56	1	1	4	1	1
4007	4	11	30	30	0	101	0	2	4	1	1
4007	4	12	27	30	0	101	0	2	4	1	1
4007	4	13	24	30	0	101	0	2	4	1	1
4007	4	14	21	30	0	101	0	2	4	1	1
4007	4	15	18	30	0	101	0	2	4	1	1
4007	4	16	15	30	0	101	0	2	4	1	1
4007	4	17	12	30	0	101	0	2	4	1	1
4007	4	18	9	30	0	101	0	2	4	1	1
4007	4	19	6	30	0	101	0	2	4	1	1
4007	4	20	3	30	0	101	0	2	4	1	1
4007	4	21	30	30	0	29	0	3	4	1	1
4007	4	22	27	30	0	29	1	3	4	1	1
4007	4	23	24	30	0	29	1	3	4	1	1
4007	4	24	21	30	0	29	0	3	4	1	1
4007	4	25	18	30	0	29	0	3	4	1	1
4007	4	26	15	30	0	29	1	3	4	1	1
4007	4	27	12	30	0	29	0	3	4	1	1
4007	4	28	9	30	0	29	1	3	4	1	1
4007	4	29	6	30	0	29	0	3	4	1	1
4007	4	30	3	30	0	29	1	3	4	1	1
4007	4	31	30	30	0	7	0	4	4	1	1
4007	4	32	27	30	0	7	0	4	4	1	1
4007	4	33	24	30	0	7	0	4	4	1	1
4007	4	34	21	30	0	7	1	4	4	1	1
4007	4	35	18	30	0	7	1	4	4	1	1
4007	4	36	15	30	0	7	1	4	4	1	1
4007	4	37	12	30	0	7	1	4	4	1	1
4007	4	38	9	30	0	7	1	4	4	1	1
4007	4	39	6	30	0	7	1	4	4	1	1
4007	4	40	3	30	0	7	1	4	4	1	1
4007	4	41	30	30	0	15	0	5	4	1	1
4007	4	42	27	30	0	15	0	5	4	1	1
4007	4	43	24	30	0	15	0	5	4	1	1
4007	4	44	21	30	0	15	0	5	4	1	1
4007	4	45	18	30	0	15	0	5	4	1	1
4007	4	46	15	30	0	15	0	5	4	1	1
4007	4	47	12	30	0	15	0	5	4	1	1
4007	4	48	9	30	0	15	1	5	4	1	1
4007	4	49	6	30	0	15	1	5	4	1	1
4007	4	50	3	30	0	15	1	5	4	1	1
4008	5	1	3	30	0	101	1	1	5	1	1
4008	5	2	6	30	0	101	0	1	5	1	1
4008	5	3	9	30	0	101	0	1	5	1	1
4008	5	4	12	30	0	101	0	1	5	1	1
4008	5	5	15	30	0	101	0	1	5	1	1
4008	5	6	18	30	0	101	0	1	5	1	1
4008	5	7	21	30	0	101	0	1	5	1	1
4008	5	8	24	30	0	101	0	1	5	1	1
4008	5	9	27	30	0	101	0	1	5	1	1
4008	5	10	30	30	0	101	0	1	5	1	1
4008	5	11	3	30	0	7	1	2	5	1	1
4008	5	12	6	30	0	7	1	2	5	1	1
4008	5	13	9	30	0	7	1	2	5	1	1
4008	5	14	12	30	0	7	1	2	5	1	1
4008	5	15	15	30	0	7	0	2	5	1	1
4008	5	16	18	30	0	7	0	2	5	1	1
4008	5	17	21	30	0	7	0	2	5	1	1
4008	5	18	24	30	0	7	0	2	5	1	1
4008	5	19	27	30	0	7	0	2	5	1	1
4008	5	20	30	30	0	7	0	2	5	1	1
4008	5	21	3	30	0	56	0	3	5	1	1
4008	5	22	6	30	0	56	0	3	5	1	1
4008	5	23	9	30	0	56	0	3	5	1	1
4008	5	24	12	30	0	56	0	3	5	1	1
4008	5	25	15	30	0	56	0	3	5	1	1
4008	5	26	18	30	0	56	0	3	5	1	1
4008	5	27	21	30	0	56	0	3	5	1	1
4008	5	28	24	30	0	56	0	3	5	1	1
4008	5	29	27	30	0	56	0	3	5	1	1
4008	5	30	30	30	0	56	0	3	5	1	1
4008	5	31	3	30	0	15	1	4	5	1	1
4008	5	32	6	30	0	15	1	4	5	1	1
4008	5	33	9	30	0	15	1	4	5	1	1
4008	5	34	12	30	0	15	1	4	5	1	1
4008	5	35	15	30	0	15	1	4	5	1	1
4008	5	36	18	30	0	15	0	4	5	1	1
4008	5	37	21	30	0	15	0	4	5	1	1
4008	5	38	24	30	0	15	0	4	5	1	1
4008	5	39	27	30	0	15	0	4	5	1	1
4008	5	40	30	30	0	15	0	4	5	1	1
4008	5	41	3	30	0	29	1	5	5	1	1
4008	5	42	6	30	0	29	1	5	5	1	1
4008	5	43	9	30	0	29	1	5	5	1	1
4008	5	44	12	30	0	29	1	5	5	1	1
4008	5	45	15	30	0	29	0	5	5	1	1
4008	5	46	18	30	0	29	0	5	5	1	1
4008	5	47	21	30	0	29	0	5	5	1	1
4008	5	48	24	30	0	29	0	5	5	1	1
4008	5	49	27	30	0	29	0	5	5	1	1
4008	5	50	30	30	0	29	0	5	5	1	1
4010	7	1	3	30	0	101	0	1	6	1	1
4010	7	2	6	30	0	101	1	1	6	1	1
4010	7	3	9	30	0	101	0	1	6	1	1
4010	7	4	12	30	0	101	0	1	6	1	1
4010	7	5	15	30	0	101	1	1	6	1	1
4010	7	6	18	30	0	101	0	1	6	1	1
4010	7	7	21	30	0	101	0	1	6	1	1
4010	7	8	24	30	0	101	0	1	6	1	1
4010	7	9	27	30	0	101	0	1	6	1	1
4010	7	10	30	30	0	101	0	1	6	1	1
4010	7	11	3	30	0	56	0	2	6	1	1
4010	7	12	6	30	0	56	0	2	6	1	1
4010	7	13	9	30	0	56	1	2	6	1	1
4010	7	14	12	30	0	56	0	2	6	1	1
4010	7	15	15	30	0	56	0	2	6	1	1
4010	7	16	18	30	0	56	0	2	6	1	1
4010	7	17	21	30	0	56	0	2	6	1	1
4010	7	18	24	30	0	56	0	2	6	1	1
4010	7	19	27	30	0	56	0	2	6	1	1
4010	7	20	30	30	0	56	0	2	6	1	1
4010	7	21	3	30	0	7	1	3	6	1	1
4010	7	22	6	30	0	7	1	3	6	1	1
4010	7	23	9	30	0	7	0	3	6	1	1
4010	7	24	12	30	0	7	1	3	6	1	1
4010	7	25	15	30	0	7	0	3	6	1	1
4010	7	26	18	30	0	7	0	3	6	1	1
4010	7	27	21	30	0	7	0	3	6	1	1
4010	7	28	24	30	0	7	0	3	6	1	1
4010	7	29	27	30	0	7	1	3	6	1	1
4010	7	30	30	30	0	7	0	3	6	1	1
4010	7	31	3	30	0	29	0	4	6	1	1
4010	7	32	6	30	0	29	0	4	6	1	1
4010	7	33	9	30	0	29	0	4	6	1	1
4010	7	34	12	30	0	29	1	4	6	1	1
4010	7	35	15	30	0	29	0	4	6	1	1
4010	7	36	18	30	0	29	0	4	6	1	1
4010	7	37	21	30	0	29	0	4	6	1	1
4010	7	38	24	30	0	29	0	4	6	1	1
4010	7	39	27	30	0	29	0	4	6	1	1
4010	7	40	30	30	0	29	0	4	6	1	1
4010	7	41	3	30	0	15	1	5	6	1	1
4010	7	42	6	30	0	15	0	5	6	1	1
4010	7	43	9	30	0	15	0	5	6	1	1
4010	7	44	12	30	0	15	0	5	6	1	1
4010	7	45	15	30	0	15	1	5	6	1	1
4010	7	46	18	30	0	15	0	5	6	1	1
4010	7	47	21	30	0	15	0	5	6	1	1
4010	7	48	24	30	0	15	1	5	6	1	1
4010	7	49	27	30	0	15	0	5	6	1	1
4010	7	50	30	30	0	15	0	5	6	1	1
4012	8	1	3	30	0	7	1	1	7	1	1
4012	8	2	6	30	0	7	1	1	7	1	1
4012	8	3	9	30	0	7	1	1	7	1	1
4012	8	4	12	30	0	7	1	1	7	1	1
4012	8	5	15	30	0	7	1	1	7	1	1
4012	8	6	18	30	0	7	1	1	7	1	1
4012	8	7	21	30	0	7	1	1	7	1	1
4012	8	8	24	30	0	7	0	1	7	1	1
4012	8	9	27	30	0	7	1	1	7	1	1
4012	8	10	30	30	0	7	0	1	7	1	1
4012	8	11	3	30	0	101	0	2	7	1	1
4012	8	12	6	30	0	101	0	2	7	1	1
4012	8	13	9	30	0	101	0	2	7	1	1
4012	8	14	12	30	0	101	0	2	7	1	1
4012	8	15	15	30	0	101	0	2	7	1	1
4012	8	16	18	30	0	101	0	2	7	1	1
4012	8	17	21	30	0	101	0	2	7	1	1
4012	8	18	24	30	0	101	0	2	7	1	1
4012	8	19	27	30	0	101	0	2	7	1	1
4012	8	20	30	30	0	101	0	2	7	1	1
4012	8	21	3	30	0	15	0	3	7	1	1
4012	8	22	6	30	0	15	1	3	7	1	1
4012	8	23	9	30	0	15	0	3	7	1	1
4012	8	24	12	30	0	15	0	3	7	1	1
4012	8	25	15	30	0	15	0	3	7	1	1
4012	8	26	18	30	0	15	0	3	7	1	1
4012	8	27	21	30	0	15	0	3	7	1	1
4012	8	28	24	30	0	15	0	3	7	1	1
4012	8	29	27	30	0	15	0	3	7	1	1
4012	8	30	30	30	0	15	0	3	7	1	1
4012	8	31	3	30	0	56	0	4	7	1	1
4012	8	32	6	30	0	56	0	4	7	1	1
4012	8	33	9	30	0	56	1	4	7	1	1
4012	8	34	12	30	0	56	0	4	7	1	1
4012	8	35	15	30	0	56	0	4	7	1	1
4012	8	36	18	30	0	56	0	4	7	1	1
4012	8	37	21	30	0	56	0	4	7	1	1
4012	8	38	24	30	0	56	0	4	7	1	1
4012	8	39	27	30	0	56	0	4	7	1	1
4012	8	40	30	30	0	56	0	4	7	1	1
4012	8	41	3	30	0	29	1	5	7	1	1
4012	8	42	6	30	0	29	1	5	7	1	1
4012	8	43	9	30	0	29	1	5	7	1	1
4012	8	44	12	30	0	29	1	5	7	1	1
4012	8	45	15	30	0	29	1	5	7	1	1
4012	8	46	18	30	0	29	1	5	7	1	1
4012	8	47	21	30	0	29	1	5	7	1	1
4012	8	48	24	30	0	29	1	5	7	1	1
4012	8	49	27	30	0	29	1	5	7	1	1
4012	8	50	30	30	0	29	0	5	7	1	1
4017	9	1	3	30	0	15	1	1	8	1	1
4017	9	2	6	30	0	15	1	1	8	1	1
4017	9	3	9	30	0	15	0	1	8	1	1
4017	9	4	12	30	0	15	0	1	8	1	1
4017	9	5	15	30	0	15	0	1	8	1	1
4017	9	6	18	30	0	15	0	1	8	1	1
4017	9	7	21	30	0	15	0	1	8	1	1
4017	9	8	24	30	0	15	0	1	8	1	1
4017	9	9	27	30	0	15	0	1	8	1	1
4017	9	10	30	30	0	15	0	1	8	1	1
4017	9	11	3	30	0	7	1	2	8	1	1
4017	9	12	6	30	0	7	1	2	8	1	1
4017	9	13	9	30	0	7	1	2	8	1	1
4017	9	14	12	30	0	7	1	2	8	1	1
4017	9	15	15	30	0	7	1	2	8	1	1
4017	9	16	18	30	0	7	1	2	8	1	1
4017	9	17	21	30	0	7	1	2	8	1	1
4017	9	18	24	30	0	7	1	2	8	1	1
4017	9	19	27	30	0	7	0	2	8	1	1
4017	9	20	30	30	0	7	0	2	8	1	1
4017	9	21	3	30	0	29	1	3	8	1	1
4017	9	22	6	30	0	29	1	3	8	1	1
4017	9	23	9	30	0	29	1	3	8	1	1
4017	9	24	12	30	0	29	1	3	8	1	1
4017	9	25	15	30	0	29	1	3	8	1	1
4017	9	26	18	30	0	29	1	3	8	1	1
4017	9	27	21	30	0	29	1	3	8	1	1
4017	9	28	24	30	0	29	0	3	8	1	1
4017	9	29	27	30	0	29	0	3	8	1	1
4017	9	30	30	30	0	29	0	3	8	1	1
4017	9	31	3	30	0	101	1	4	8	1	1
4017	9	32	6	30	0	101	1	4	8	1	1
4017	9	33	9	30	0	101	1	4	8	1	1
4017	9	34	12	30	0	101	1	4	8	1	1
4017	9	35	15	30	0	101	1	4	8	1	1
4017	9	36	18	30	0	101	1	4	8	1	1
4017	9	37	21	30	0	101	1	4	8	1	1
4017	9	38	24	30	0	101	1	4	8	1	1
4017	9	39	27	30	0	101	0	4	8	1	1
4017	9	40	30	30	0	101	0	4	8	1	1
4017	9	41	3	30	0	56	1	5	8	1	1
4017	9	42	6	30	0	56	1	5	8	1	1
4017	9	43	9	30	0	56	1	5	8	1	1
4017	9	44	12	30	0	56	1	5	8	1	1
4017	9	45	15	30	0	56	0	5	8	1	1
4017	9	46	18	30	0	56	0	5	8	1	1
4017	9	47	21	30	0	56	0	5	8	1	1
4017	9	48	24	30	0	56	0	5	8	1	1
4017	9	49	27	30	0	56	0	5	8	1	1
4017	9	50	30	30	0	56	0	5	8	1	1
4020	10	1	30	30	0	29	0	1	9	1	1
4020	10	2	27	30	0	29	0	1	9	1	1
4020	10	3	24	30	0	29	0	1	9	1	1
4020	10	4	21	30	0	29	0	1	9	1	1
4020	10	5	18	30	0	29	1	1	9	1	1
4020	10	6	15	30	0	29	1	1	9	1	1
4020	10	7	12	30	0	29	1	1	9	1	1
4020	10	8	9	30	0	29	0	1	9	1	1
4020	10	9	6	30	0	29	1	1	9	1	1
4020	10	10	3	30	0	29	1	1	9	1	1
4020	10	11	30	30	0	15	0	2	9	1	1
4020	10	12	27	30	0	15	0	2	9	1	1
4020	10	13	24	30	0	15	0	2	9	1	1
4020	10	14	21	30	0	15	0	2	9	1	1
4020	10	15	18	30	0	15	1	2	9	1	1
4020	10	16	15	30	0	15	1	2	9	1	1
4020	10	17	12	30	0	15	1	2	9	1	1
4020	10	18	9	30	0	15	1	2	9	1	1
4020	10	19	6	30	0	15	0	2	9	1	1
4020	10	20	3	30	0	15	0	2	9	1	1
4020	10	21	30	30	0	56	0	3	9	1	1
4020	10	22	27	30	0	56	0	3	9	1	1
4020	10	23	24	30	0	56	0	3	9	1	1
4020	10	24	21	30	0	56	0	3	9	1	1
4020	10	25	18	30	0	56	0	3	9	1	1
4020	10	26	15	30	0	56	0	3	9	1	1
4020	10	27	12	30	0	56	0	3	9	1	1
4020	10	28	9	30	0	56	0	3	9	1	1
4020	10	29	6	30	0	56	0	3	9	1	1
4020	10	30	3	30	0	56	0	3	9	1	1
4020	10	31	30	30	0	7	0	4	9	1	1
4020	10	32	27	30	0	7	0	4	9	1	1
4020	10	33	24	30	0	7	1	4	9	1	1
4020	10	34	21	30	0	7	0	4	9	1	1
4020	10	35	18	30	0	7	1	4	9	1	1
4020	10	36	15	30	0	7	0	4	9	1	1
4020	10	37	12	30	0	7	0	4	9	1	1
4020	10	38	9	30	0	7	0	4	9	1	1
4020	10	39	6	30	0	7	0	4	9	1	1
4020	10	40	3	30	0	7	0	4	9	1	1
4020	10	41	30	30	0	101	0	5	9	1	1
4020	10	42	27	30	0	101	0	5	9	1	1
4020	10	43	24	30	0	101	0	5	9	1	1
4020	10	44	21	30	0	101	0	5	9	1	1
4020	10	45	18	30	0	101	0	5	9	1	1
4020	10	46	15	30	0	101	0	5	9	1	1
4020	10	47	12	30	0	101	0	5	9	1	1
4020	10	48	9	30	0	101	0	5	9	1	1
4020	10	49	6	30	0	101	0	5	9	1	1
4020	10	50	3	30	0	101	0	5	9	1	1
4021	1	1	30	30	0	7	1	1	10	1	1
4021	1	2	27	30	0	7	0	1	10	1	1
4021	1	3	24	30	0	7	0	1	10	1	1
4021	1	4	21	30	0	7	1	1	10	1	1
4021	1	5	18	30	0	7	1	1	10	1	1
4021	1	6	15	30	0	7	1	1	10	1	1
4021	1	7	12	30	0	7	1	1	10	1	1
4021	1	8	9	30	0	7	1	1	10	1	1
4021	1	9	6	30	0	7	1	1	10	1	1
4021	1	10	3	30	0	7	1	1	10	1	1
4021	1	11	30	30	0	15	0	2	10	1	1
4021	1	12	27	30	0	15	0	2	10	1	1
4021	1	13	24	30	0	15	0	2	10	1	1
4021	1	14	21	30	0	15	0	2	10	1	1
4021	1	15	18	30	0	15	0	2	10	1	1
4021	1	16	15	30	0	15	0	2	10	1	1
4021	1	17	12	30	0	15	1	2	10	1	1
4021	1	18	9	30	0	15	1	2	10	1	1
4021	1	19	6	30	0	15	1	2	10	1	1
4021	1	20	3	30	0	15	1	2	10	1	1
4021	1	21	30	30	0	101	0	3	10	1	1
4021	1	22	27	30	0	101	0	3	10	1	1
4021	1	23	24	30	0	101	0	3	10	1	1
4021	1	24	21	30	0	101	0	3	10	1	1
4021	1	25	18	30	0	101	0	3	10	1	1
4021	1	26	15	30	0	101	0	3	10	1	1
4021	1	27	12	30	0	101	0	3	10	1	1
4021	1	28	9	30	0	101	0	3	10	1	1
4021	1	29	6	30	0	101	0	3	10	1	1
4021	1	30	3	30	0	101	0	3	10	1	1
4021	1	31	30	30	0	29	0	4	10	1	1
4021	1	32	27	30	0	29	0	4	10	1	1
4021	1	33	24	30	0	29	0	4	10	1	1
4021	1	34	21	30	0	29	0	4	10	1	1
4021	1	35	18	30	0	29	0	4	10	1	1
4021	1	36	15	30	0	29	0	4	10	1	1
4021	1	37	12	30	0	29	1	4	10	1	1
4021	1	38	9	30	0	29	1	4	10	1	1
4021	1	39	6	30	0	29	1	4	10	1	1
4021	1	40	3	30	0	29	1	4	10	1	1
4021	1	41	30	30	0	56	0	5	10	1	1
4021	1	42	27	30	0	56	0	5	10	1	1
4021	1	43	24	30	0	56	0	5	10	1	1
4021	1	44	21	30	0	56	0	5	10	1	1
4021	1	45	18	30	0	56	0	5	10	1	1
4021	1	46	15	30	0	56	0	5	10	1	1
4021	1	47	12	30	0	56	0	5	10	1	1
4021	1	48	9	30	0	56	0	5	10	1	1
4021	1	49	6	30	0	56	0	5	10	1	1
4021	1	50	3	30	0	56	0	5	10	1	1
4022	2	1	30	30	0	15	0	1	11	1	1
4022	2	2	27	30	0	15	1	1	11	1	1
4022	2	3	24	30	0	15	1	1	11	1	1
4022	2	4	21	30	0	15	1	1	11	1	1
4022	2	5	18	30	0	15	1	1	11	1	1
4022	2	6	15	30	0	15	1	1	11	1	1
4022	2	7	12	30	0	15	1	1	11	1	1
4022	2	8	9	30	0	15	1	1	11	1	1
4022	2	9	6	30	0	15	1	1	11	1	1
4022	2	10	3	30	0	15	1	1	11	1	1
4022	2	11	30	30	0	29	0	2	11	1	1
4022	2	12	27	30	0	29	0	2	11	1	1
4022	2	13	24	30	0	29	1	2	11	1	1
4022	2	14	21	30	0	29	1	2	11	1	1
4022	2	15	18	30	0	29	1	2	11	1	1
4022	2	16	15	30	0	29	1	2	11	1	1
4022	2	17	12	30	0	29	1	2	11	1	1
4022	2	18	9	30	0	29	1	2	11	1	1
4022	2	19	6	30	0	29	1	2	11	1	1
4022	2	20	3	30	0	29	1	2	11	1	1
4022	2	21	30	30	0	7	0	3	11	1	1
4022	2	22	27	30	0	7	0	3	11	1	1
4022	2	23	24	30	0	7	0	3	11	1	1
4022	2	24	21	30	0	7	1	3	11	1	1
4022	2	25	18	30	0	7	1	3	11	1	1
4022	2	26	15	30	0	7	0	3	11	1	1
4022	2	27	12	30	0	7	1	3	11	1	1
4022	2	28	9	30	0	7	1	3	11	1	1
4022	2	29	6	30	0	7	1	3	11	1	1
4022	2	30	3	30	0	7	1	3	11	1	1
4022	2	31	30	30	0	56	0	4	11	1	1
4022	2	32	27	30	0	56	0	4	11	1	1
4022	2	33	24	30	0	56	1	4	11	1	1
4022	2	34	21	30	0	56	0	4	11	1	1
4022	2	35	18	30	0	56	0	4	11	1	1
4022	2	36	15	30	0	56	1	4	11	1	1
4022	2	37	12	30	0	56	1	4	11	1	1
4022	2	38	9	30	0	56	1	4	11	1	1
4022	2	39	6	30	0	56	0	4	11	1	1
4022	2	40	3	30	0	56	1	4	11	1	1
4022	2	41	30	30	0	101	0	5	11	1	1
4022	2	42	27	30	0	101	0	5	11	1	1
4022	2	43	24	30	0	101	0	5	11	1	1
4022	2	44	21	30	0	101	0	5	11	1	1
4022	2	45	18	30	0	101	1	5	11	1	1
4022	2	46	15	30	0	101	0	5	11	1	1
4022	2	47	12	30	0	101	0	5	11	1	1
4022	2	48	9	30	0	101	0	5	11	1	1
4022	2	49	6	30	0	101	0	5	11	1	1
4022	2	50	3	30	0	101	1	5	11	1	1
4023	3	1	3	30	0	29	0	1	12	1	1
4023	3	2	6	30	0	29	1	1	12	1	1
4023	3	3	9	30	0	29	0	1	12	1	1
4023	3	4	12	30	0	29	0	1	12	1	1
4023	3	5	15	30	0	29	1	1	12	1	1
4023	3	6	18	30	0	29	0	1	12	1	1
4023	3	7	21	30	0	29	0	1	12	1	1
4023	3	8	24	30	0	29	0	1	12	1	1
4023	3	9	27	30	0	29	0	1	12	1	1
4023	3	10	30	30	0	29	0	1	12	1	1
4023	3	11	3	30	0	56	1	2	12	1	1
4023	3	12	6	30	0	56	0	2	12	1	1
4023	3	13	9	30	0	56	0	2	12	1	1
4023	3	14	12	30	0	56	0	2	12	1	1
4023	3	15	15	30	0	56	1	2	12	1	1
4023	3	16	18	30	0	56	0	2	12	1	1
4023	3	17	21	30	0	56	0	2	12	1	1
4023	3	18	24	30	0	56	0	2	12	1	1
4023	3	19	27	30	0	56	0	2	12	1	1
4023	3	20	30	30	0	56	0	2	12	1	1
4023	3	21	3	30	0	15	1	3	12	1	1
4023	3	22	6	30	0	15	1	3	12	1	1
4023	3	23	9	30	0	15	1	3	12	1	1
4023	3	24	12	30	0	15	1	3	12	1	1
4023	3	25	15	30	0	15	1	3	12	1	1
4023	3	26	18	30	0	15	1	3	12	1	1
4023	3	27	21	30	0	15	1	3	12	1	1
4023	3	28	24	30	0	15	1	3	12	1	1
4023	3	29	27	30	0	15	1	3	12	1	1
4023	3	30	30	30	0	15	0	3	12	1	1
4023	3	31	3	30	0	101	0	4	12	1	1
4023	3	32	6	30	0	101	0	4	12	1	1
4023	3	33	9	30	0	101	0	4	12	1	1
4023	3	34	12	30	0	101	0	4	12	1	1
4023	3	35	15	30	0	101	0	4	12	1	1
4023	3	36	18	30	0	101	0	4	12	1	1
4023	3	37	21	30	0	101	0	4	12	1	1
4023	3	38	24	30	0	101	0	4	12	1	1
4023	3	39	27	30	0	101	0	4	12	1	1
4023	3	40	30	30	0	101	0	4	12	1	1
4023	3	41	3	30	0	7	1	5	12	1	1
4023	3	42	6	30	0	7	1	5	12	1	1
4023	3	43	9	30	0	7	1	5	12	1	1
4023	3	44	12	30	0	7	1	5	12	1	1
4023	3	45	15	30	0	7	1	5	12	1	1
4023	3	46	18	30	0	7	1	5	12	1	1
4023	3	47	21	30	0	7	1	5	12	1	1
4023	3	48	24	30	0	7	1	5	12	1	1
4023	3	49	27	30	0	7	1	5	12	1	1
4023	3	50	30	30	0	7	0	5	12	1	1
4033	7	1	30	30	0	101	0	1	13	1	1
4033	7	2	27	30	0	101	0	1	13	1	1
4033	7	3	24	30	0	101	1	1	13	1	1
4033	7	4	21	30	0	101	1	1	13	1	1
4033	7	5	18	30	0	101	1	1	13	1	1
4033	7	6	15	30	0	101	1	1	13	1	1
4033	7	7	12	30	0	101	1	1	13	1	1
4033	7	8	9	30	0	101	1	1	13	1	1
4033	7	9	6	30	0	101	1	1	13	1	1
4033	7	10	3	30	0	101	1	1	13	1	1
4033	7	11	30	30	0	56	0	2	13	1	1
4033	7	12	27	30	0	56	1	2	13	1	1
4033	7	13	24	30	0	56	1	2	13	1	1
4033	7	14	21	30	0	56	1	2	13	1	1
4033	7	15	18	30	0	56	1	2	13	1	1
4033	7	16	15	30	0	56	1	2	13	1	1
4033	7	17	12	30	0	56	1	2	13	1	1
4033	7	18	9	30	0	56	1	2	13	1	1
4033	7	19	6	30	0	56	1	2	13	1	1
4033	7	20	3	30	0	56	1	2	13	1	1
4033	7	21	30	30	0	7	0	3	13	1	1
4033	7	22	27	30	0	7	1	3	13	1	1
4033	7	23	24	30	0	7	1	3	13	1	1
4033	7	24	21	30	0	7	1	3	13	1	1
4033	7	25	18	30	0	7	1	3	13	1	1
4033	7	26	15	30	0	7	1	3	13	1	1
4033	7	27	12	30	0	7	1	3	13	1	1
4033	7	28	9	30	0	7	1	3	13	1	1
4033	7	29	6	30	0	7	1	3	13	1	1
4033	7	30	3	30	0	7	1	3	13	1	1
4033	7	31	30	30	0	29	0	4	13	1	1
4033	7	32	27	30	0	29	1	4	13	1	1
4033	7	33	24	30	0	29	1	4	13	1	1
4033	7	34	21	30	0	29	1	4	13	1	1
4033	7	35	18	30	0	29	1	4	13	1	1
4033	7	36	15	30	0	29	1	4	13	1	1
4033	7	37	12	30	0	29	1	4	13	1	1
4033	7	38	9	30	0	29	1	4	13	1	1
4033	7	39	6	30	0	29	1	4	13	1	1
4033	7	40	3	30	0	29	1	4	13	1	1
4033	7	41	30	30	0	15	0	5	13	1	1
4033	7	42	27	30	0	15	1	5	13	1	1
4033	7	43	24	30	0	15	1	5	13	1	1
4033	7	44	21	30	0	15	1	5	13	1	1
4033	7	45	18	30	0	15	1	5	13	1	1
4033	7	46	15	30	0	15	1	5	13	1	1
4033	7	47	12	30	0	15	1	5	13	1	1
4033	7	48	9	30	0	15	1	5	13	1	1
4033	7	49	6	30	0	15	1	5	13	1	1
4033	7	50	3	30	0	15	1	5	13	1	1
4034	8	1	30	30	0	7	0	1	14	1	1
4034	8	2	27	30	0	7	1	1	14	1	1
4034	8	3	24	30	0	7	0	1	14	1	1
4034	8	4	21	30	0	7	1	1	14	1	1
4034	8	5	18	30	0	7	1	1	14	1	1
4034	8	6	15	30	0	7	1	1	14	1	1
4034	8	7	12	30	0	7	1	1	14	1	1
4034	8	8	9	30	0	7	1	1	14	1	1
4034	8	9	6	30	0	7	1	1	14	1	1
4034	8	10	3	30	0	7	1	1	14	1	1
4034	8	11	30	30	0	101	0	2	14	1	1
4034	8	12	27	30	0	101	0	2	14	1	1
4034	8	13	24	30	0	101	0	2	14	1	1
4034	8	14	21	30	0	101	0	2	14	1	1
4034	8	15	18	30	0	101	0	2	14	1	1
4034	8	16	15	30	0	101	1	2	14	1	1
4034	8	17	12	30	0	101	0	2	14	1	1
4034	8	18	9	30	0	101	0	2	14	1	1
4034	8	19	6	30	0	101	0	2	14	1	1
4034	8	20	3	30	0	101	0	2	14	1	1
4034	8	21	30	30	0	15	0	3	14	1	1
4034	8	22	27	30	0	15	1	3	14	1	1
4034	8	23	24	30	0	15	1	3	14	1	1
4034	8	24	21	30	0	15	1	3	14	1	1
4034	8	25	18	30	0	15	1	3	14	1	1
4034	8	26	15	30	0	15	1	3	14	1	1
4034	8	27	12	30	0	15	1	3	14	1	1
4034	8	28	9	30	0	15	1	3	14	1	1
4034	8	29	6	30	0	15	1	3	14	1	1
4034	8	30	3	30	0	15	1	3	14	1	1
4034	8	31	30	30	0	56	0	4	14	1	1
4034	8	32	27	30	0	56	0	4	14	1	1
4034	8	33	24	30	0	56	0	4	14	1	1
4034	8	34	21	30	0	56	0	4	14	1	1
4034	8	35	18	30	0	56	0	4	14	1	1
4034	8	36	15	30	0	56	0	4	14	1	1
4034	8	37	12	30	0	56	1	4	14	1	1
4034	8	38	9	30	0	56	1	4	14	1	1
4034	8	39	6	30	0	56	1	4	14	1	1
4034	8	40	3	30	0	56	1	4	14	1	1
4034	8	41	30	30	0	29	1	5	14	1	1
4034	8	42	27	30	0	29	0	5	14	1	1
4034	8	43	24	30	0	29	0	5	14	1	1
4034	8	44	21	30	0	29	0	5	14	1	1
4034	8	45	18	30	0	29	1	5	14	1	1
4034	8	46	15	30	0	29	1	5	14	1	1
4034	8	47	12	30	0	29	1	5	14	1	1
4034	8	48	9	30	0	29	1	5	14	1	1
4034	8	49	6	30	0	29	1	5	14	1	1
4034	8	50	3	30	0	29	1	5	14	1	1
4037	9	1	3	30	0	15	1	1	15	1	1
4037	9	2	6	30	0	15	1	1	15	1	1
4037	9	3	9	30	0	15	0	1	15	1	1
4037	9	4	12	30	0	15	0	1	15	1	1
4037	9	5	15	30	0	15	1	1	15	1	1
4037	9	6	18	30	0	15	1	1	15	1	1
4037	9	7	21	30	0	15	1	1	15	1	1
4037	9	8	24	30	0	15	1	1	15	1	1
4037	9	9	27	30	0	15	1	1	15	1	1
4037	9	10	30	30	0	15	0	1	15	1	1
4037	9	11	3	30	0	7	1	2	15	1	1
4037	9	12	6	30	0	7	1	2	15	1	1
4037	9	13	9	30	0	7	1	2	15	1	1
4037	9	14	12	30	0	7	1	2	15	1	1
4037	9	15	15	30	0	7	1	2	15	1	1
4037	9	16	18	30	0	7	1	2	15	1	1
4037	9	17	21	30	0	7	1	2	15	1	1
4037	9	18	24	30	0	7	1	2	15	1	1
4037	9	19	27	30	0	7	1	2	15	1	1
4037	9	20	30	30	0	7	1	2	15	1	1
4037	9	21	3	30	0	29	1	3	15	1	1
4037	9	22	6	30	0	29	1	3	15	1	1
4037	9	23	9	30	0	29	1	3	15	1	1
4037	9	24	12	30	0	29	1	3	15	1	1
4037	9	25	15	30	0	29	1	3	15	1	1
4037	9	26	18	30	0	29	1	3	15	1	1
4037	9	27	21	30	0	29	1	3	15	1	1
4037	9	28	24	30	0	29	1	3	15	1	1
4037	9	29	27	30	0	29	1	3	15	1	1
4037	9	30	30	30	0	29	0	3	15	1	1
4037	9	31	3	30	0	101	1	4	15	1	1
4037	9	32	6	30	0	101	1	4	15	1	1
4037	9	33	9	30	0	101	1	4	15	1	1
4037	9	34	12	30	0	101	1	4	15	1	1
4037	9	35	15	30	0	101	0	4	15	1	1
4037	9	36	18	30	0	101	0	4	15	1	1
4037	9	37	21	30	0	101	0	4	15	1	1
4037	9	38	24	30	0	101	0	4	15	1	1
4037	9	39	27	30	0	101	0	4	15	1	1
4037	9	40	30	30	0	101	0	4	15	1	1
4037	9	41	3	30	0	56	1	5	15	1	1
4037	9	42	6	30	0	56	1	5	15	1	1
4037	9	43	9	30	0	56	1	5	15	1	1
4037	9	44	12	30	0	56	1	5	15	1	1
4037	9	45	15	30	0	56	0	5	15	1	1
4037	9	46	18	30	0	56	0	5	15	1	1
4037	9	47	21	30	0	56	0	5	15	1	1
4037	9	48	24	30	0	56	0	5	15	1	1
4037	9	49	27	30	0	56	0	5	15	1	1
4037	9	50	30	30	0	56	0	5	15	1	1
4038	10	1	30	30	0	29	0	1	16	1	1
4038	10	2	27	30	0	29	1	1	16	1	1
4038	10	3	24	30	0	29	1	1	16	1	1
4038	10	4	21	30	0	29	1	1	16	1	1
4038	10	5	18	30	0	29	1	1	16	1	1
4038	10	6	15	30	0	29	1	1	16	1	1
4038	10	7	12	30	0	29	1	1	16	1	1
4038	10	8	9	30	0	29	1	1	16	1	1
4038	10	9	6	30	0	29	1	1	16	1	1
4038	10	10	3	30	0	29	1	1	16	1	1
4038	10	11	30	30	0	15	0	2	16	1	1
4038	10	12	27	30	0	15	1	2	16	1	1
4038	10	13	24	30	0	15	1	2	16	1	1
4038	10	14	21	30	0	15	1	2	16	1	1
4038	10	15	18	30	0	15	1	2	16	1	1
4038	10	16	15	30	0	15	1	2	16	1	1
4038	10	17	12	30	0	15	1	2	16	1	1
4038	10	18	9	30	0	15	1	2	16	1	1
4038	10	19	6	30	0	15	1	2	16	1	1
4038	10	20	3	30	0	15	1	2	16	1	1
4038	10	21	30	30	0	56	0	3	16	1	1
4038	10	22	27	30	0	56	0	3	16	1	1
4038	10	23	24	30	0	56	1	3	16	1	1
4038	10	24	21	30	0	56	1	3	16	1	1
4038	10	25	18	30	0	56	1	3	16	1	1
4038	10	26	15	30	0	56	1	3	16	1	1
4038	10	27	12	30	0	56	1	3	16	1	1
4038	10	28	9	30	0	56	1	3	16	1	1
4038	10	29	6	30	0	56	1	3	16	1	1
4038	10	30	3	30	0	56	1	3	16	1	1
4038	10	31	30	30	0	7	0	4	16	1	1
4038	10	32	27	30	0	7	1	4	16	1	1
4038	10	33	24	30	0	7	1	4	16	1	1
4038	10	34	21	30	0	7	1	4	16	1	1
4038	10	35	18	30	0	7	1	4	16	1	1
4038	10	36	15	30	0	7	1	4	16	1	1
4038	10	37	12	30	0	7	1	4	16	1	1
4038	10	38	9	30	0	7	1	4	16	1	1
4038	10	39	6	30	0	7	1	4	16	1	1
4038	10	40	3	30	0	7	1	4	16	1	1
4038	10	41	30	30	0	101	0	5	16	1	1
4038	10	42	27	30	0	101	0	5	16	1	1
4038	10	43	24	30	0	101	0	5	16	1	1
4038	10	44	21	30	0	101	0	5	16	1	1
4038	10	45	18	30	0	101	1	5	16	1	1
4038	10	46	15	30	0	101	0	5	16	1	1
4038	10	47	12	30	0	101	1	5	16	1	1
4038	10	48	9	30	0	101	1	5	16	1	1
4038	10	49	6	30	0	101	1	5	16	1	1
4038	10	50	3	30	0	101	1	5	16	1	1
4041	1	1	3	30	0	7	1	1	17	1	1
4041	1	2	6	30	0	7	1	1	17	1	1
4041	1	3	9	30	0	7	1	1	17	1	1
4041	1	4	12	30	0	7	1	1	17	1	1
4041	1	5	15	30	0	7	1	1	17	1	1
4041	1	6	18	30	0	7	1	1	17	1	1
4041	1	7	21	30	0	7	1	1	17	1	1
4041	1	8	24	30	0	7	1	1	17	1	1
4041	1	9	27	30	0	7	1	1	17	1	1
4041	1	10	30	30	0	7	0	1	17	1	1
4041	1	11	3	30	0	15	1	2	17	1	1
4041	1	12	6	30	0	15	1	2	17	1	1
4041	1	13	9	30	0	15	1	2	17	1	1
4041	1	14	12	30	0	15	1	2	17	1	1
4041	1	15	15	30	0	15	1	2	17	1	1
4041	1	16	18	30	0	15	1	2	17	1	1
4041	1	17	21	30	0	15	1	2	17	1	1
4041	1	18	24	30	0	15	1	2	17	1	1
4041	1	19	27	30	0	15	1	2	17	1	1
4041	1	20	30	30	0	15	1	2	17	1	1
4041	1	21	3	30	0	101	1	3	17	1	1
4041	1	22	6	30	0	101	0	3	17	1	1
4041	1	23	9	30	0	101	0	3	17	1	1
4041	1	24	12	30	0	101	0	3	17	1	1
4041	1	25	15	30	0	101	0	3	17	1	1
4041	1	26	18	30	0	101	0	3	17	1	1
4041	1	27	21	30	0	101	0	3	17	1	1
4041	1	28	24	30	0	101	0	3	17	1	1
4041	1	29	27	30	0	101	0	3	17	1	1
4041	1	30	30	30	0	101	0	3	17	1	1
4041	1	31	3	30	0	29	0	4	17	1	1
4041	1	32	6	30	0	29	0	4	17	1	1
4041	1	33	9	30	0	29	0	4	17	1	1
4041	1	34	12	30	0	29	0	4	17	1	1
4041	1	35	15	30	0	29	0	4	17	1	1
4041	1	36	18	30	0	29	1	4	17	1	1
4041	1	37	21	30	0	29	0	4	17	1	1
4041	1	38	24	30	0	29	0	4	17	1	1
4041	1	39	27	30	0	29	0	4	17	1	1
4041	1	40	30	30	0	29	0	4	17	1	1
4041	1	41	3	30	0	56	1	5	17	1	1
4041	1	42	6	30	0	56	0	5	17	1	1
4041	1	43	9	30	0	56	0	5	17	1	1
4041	1	44	12	30	0	56	0	5	17	1	1
4041	1	45	15	30	0	56	0	5	17	1	1
4041	1	46	18	30	0	56	0	5	17	1	1
4041	1	47	21	30	0	56	0	5	17	1	1
4041	1	48	24	30	0	56	0	5	17	1	1
4041	1	49	27	30	0	56	0	5	17	1	1
4041	1	50	30	30	0	56	0	5	17	1	1
4046	3	1	3	30	0	29	1	1	18	1	1
4046	3	2	6	30	0	29	1	1	18	1	1
4046	3	3	9	30	0	29	1	1	18	1	1
4046	3	4	12	30	0	29	1	1	18	1	1
4046	3	5	15	30	0	29	1	1	18	1	1
4046	3	6	18	30	0	29	1	1	18	1	1
4046	3	7	21	30	0	29	1	1	18	1	1
4046	3	8	24	30	0	29	1	1	18	1	1
4046	3	9	27	30	0	29	1	1	18	1	1
4046	3	10	30	30	0	29	1	1	18	1	1
4046	3	11	3	30	0	56	1	2	18	1	1
4046	3	12	6	30	0	56	1	2	18	1	1
4046	3	13	9	30	0	56	1	2	18	1	1
4046	3	14	12	30	0	56	1	2	18	1	1
4046	3	15	15	30	0	56	1	2	18	1	1
4046	3	16	18	30	0	56	1	2	18	1	1
4046	3	17	21	30	0	56	1	2	18	1	1
4046	3	18	24	30	0	56	1	2	18	1	1
4046	3	19	27	30	0	56	1	2	18	1	1
4046	3	20	30	30	0	56	0	2	18	1	1
4046	3	21	3	30	0	15	1	3	18	1	1
4046	3	22	6	30	0	15	0	3	18	1	1
4046	3	23	9	30	0	15	0	3	18	1	1
4046	3	24	12	30	0	15	0	3	18	1	1
4046	3	25	15	30	0	15	0	3	18	1	1
4046	3	26	18	30	0	15	0	3	18	1	1
4046	3	27	21	30	0	15	0	3	18	1	1
4046	3	28	24	30	0	15	0	3	18	1	1
4046	3	29	27	30	0	15	0	3	18	1	1
4046	3	30	30	30	0	15	0	3	18	1	1
4046	3	31	3	30	0	101	0	4	18	1	1
4046	3	32	6	30	0	101	0	4	18	1	1
4046	3	33	9	30	0	101	0	4	18	1	1
4046	3	34	12	30	0	101	0	4	18	1	1
4046	3	35	15	30	0	101	0	4	18	1	1
4046	3	36	18	30	0	101	0	4	18	1	1
4046	3	37	21	30	0	101	0	4	18	1	1
4046	3	38	24	30	0	101	0	4	18	1	1
4046	3	39	27	30	0	101	0	4	18	1	1
4046	3	40	30	30	0	101	0	4	18	1	1
4046	3	41	3	30	0	7	0	5	18	1	1
4046	3	42	6	30	0	7	1	5	18	1	1
4046	3	43	9	30	0	7	0	5	18	1	1
4046	3	44	12	30	0	7	0	5	18	1	1
4046	3	45	15	30	0	7	0	5	18	1	1
4046	3	46	18	30	0	7	0	5	18	1	1
4046	3	47	21	30	0	7	0	5	18	1	1
4046	3	48	24	30	0	7	0	5	18	1	1
4046	3	49	27	30	0	7	0	5	18	1	1
4046	3	50	30	30	0	7	0	5	18	1	1
4052	4	1	30	30	0	56	0	1	19	1	1
4052	4	2	27	30	0	56	0	1	19	1	1
4052	4	3	24	30	0	56	0	1	19	1	1
4052	4	4	21	30	0	56	1	1	19	1	1
4052	4	5	18	30	0	56	0	1	19	1	1
4052	4	6	15	30	0	56	0	1	19	1	1
4052	4	7	12	30	0	56	0	1	19	1	1
4052	4	8	9	30	0	56	0	1	19	1	1
4052	4	9	6	30	0	56	0	1	19	1	1
4052	4	10	3	30	0	56	1	1	19	1	1
4052	4	11	30	30	0	101	0	2	19	1	1
4052	4	12	27	30	0	101	1	2	19	1	1
4052	4	13	24	30	0	101	1	2	19	1	1
4052	4	14	21	30	0	101	1	2	19	1	1
4052	4	15	18	30	0	101	0	2	19	1	1
4052	4	16	15	30	0	101	0	2	19	1	1
4052	4	17	12	30	0	101	0	2	19	1	1
4052	4	18	9	30	0	101	0	2	19	1	1
4052	4	19	6	30	0	101	0	2	19	1	1
4052	4	20	3	30	0	101	0	2	19	1	1
4052	4	21	30	30	0	29	1	3	19	1	1
4052	4	22	27	30	0	29	0	3	19	1	1
4052	4	23	24	30	0	29	0	3	19	1	1
4052	4	24	21	30	0	29	0	3	19	1	1
4052	4	25	18	30	0	29	0	3	19	1	1
4052	4	26	15	30	0	29	0	3	19	1	1
4052	4	27	12	30	0	29	0	3	19	1	1
4052	4	28	9	30	0	29	0	3	19	1	1
4052	4	29	6	30	0	29	0	3	19	1	1
4052	4	30	3	30	0	29	0	3	19	1	1
4052	4	31	30	30	0	7	1	4	19	1	1
4052	4	32	27	30	0	7	1	4	19	1	1
4052	4	33	24	30	0	7	1	4	19	1	1
4052	4	34	21	30	0	7	1	4	19	1	1
4052	4	35	18	30	0	7	1	4	19	1	1
4052	4	36	15	30	0	7	0	4	19	1	1
4052	4	37	12	30	0	7	0	4	19	1	1
4052	4	38	9	30	0	7	0	4	19	1	1
4052	4	39	6	30	0	7	1	4	19	1	1
4052	4	40	3	30	0	7	0	4	19	1	1
4052	4	41	30	30	0	15	0	5	19	1	1
4052	4	42	27	30	0	15	0	5	19	1	1
4052	4	43	24	30	0	15	0	5	19	1	1
4052	4	44	21	30	0	15	0	5	19	1	1
4052	4	45	18	30	0	15	0	5	19	1	1
4052	4	46	15	30	0	15	0	5	19	1	1
4052	4	47	12	30	0	15	0	5	19	1	1
4052	4	48	9	30	0	15	0	5	19	1	1
4052	4	49	6	30	0	15	1	5	19	1	1
4052	4	50	3	30	0	15	0	5	19	1	1
4054	5	1	3	30	0	101	1	1	20	1	1
4054	5	2	6	30	0	101	1	1	20	1	1
4054	5	3	9	30	0	101	0	1	20	1	1
4054	5	4	12	30	0	101	0	1	20	1	1
4054	5	5	15	30	0	101	0	1	20	1	1
4054	5	6	18	30	0	101	0	1	20	1	1
4054	5	7	21	30	0	101	0	1	20	1	1
4054	5	8	24	30	0	101	0	1	20	1	1
4054	5	9	27	30	0	101	0	1	20	1	1
4054	5	10	30	30	0	101	0	1	20	1	1
4054	5	11	3	30	0	7	1	2	20	1	1
4054	5	12	6	30	0	7	1	2	20	1	1
4054	5	13	9	30	0	7	1	2	20	1	1
4054	5	14	12	30	0	7	1	2	20	1	1
4054	5	15	15	30	0	7	1	2	20	1	1
4054	5	16	18	30	0	7	1	2	20	1	1
4054	5	17	21	30	0	7	1	2	20	1	1
4054	5	18	24	30	0	7	1	2	20	1	1
4054	5	19	27	30	0	7	1	2	20	1	1
4054	5	20	30	30	0	7	0	2	20	1	1
4054	5	21	3	30	0	56	1	3	20	1	1
4054	5	22	6	30	0	56	1	3	20	1	1
4054	5	23	9	30	0	56	1	3	20	1	1
4054	5	24	12	30	0	56	1	3	20	1	1
4054	5	25	15	30	0	56	1	3	20	1	1
4054	5	26	18	30	0	56	1	3	20	1	1
4054	5	27	21	30	0	56	0	3	20	1	1
4054	5	28	24	30	0	56	0	3	20	1	1
4054	5	29	27	30	0	56	0	3	20	1	1
4054	5	30	30	30	0	56	0	3	20	1	1
4054	5	31	3	30	0	15	1	4	20	1	1
4054	5	32	6	30	0	15	1	4	20	1	1
4054	5	33	9	30	0	15	1	4	20	1	1
4054	5	34	12	30	0	15	1	4	20	1	1
4054	5	35	15	30	0	15	1	4	20	1	1
4054	5	36	18	30	0	15	1	4	20	1	1
4054	5	37	21	30	0	15	1	4	20	1	1
4054	5	38	24	30	0	15	1	4	20	1	1
4054	5	39	27	30	0	15	1	4	20	1	1
4054	5	40	30	30	0	15	0	4	20	1	1
4054	5	41	3	30	0	29	1	5	20	1	1
4054	5	42	6	30	0	29	1	5	20	1	1
4054	5	43	9	30	0	29	1	5	20	1	1
4054	5	44	12	30	0	29	1	5	20	1	1
4054	5	45	15	30	0	29	1	5	20	1	1
4054	5	46	18	30	0	29	1	5	20	1	1
4054	5	47	21	30	0	29	1	5	20	1	1
4054	5	48	24	30	0	29	0	5	20	1	1
4054	5	49	27	30	0	29	0	5	20	1	1
4054	5	50	30	30	0	29	0	5	20	1	1
4055	6	1	30	30	0	56	0	1	21	1	1
4055	6	2	27	30	0	56	0	1	21	1	1
4055	6	3	24	30	0	56	0	1	21	1	1
4055	6	4	21	30	0	56	0	1	21	1	1
4055	6	5	18	30	0	56	1	1	21	1	1
4055	6	6	15	30	0	56	1	1	21	1	1
4055	6	7	12	30	0	56	1	1	21	1	1
4055	6	8	9	30	0	56	1	1	21	1	1
4055	6	9	6	30	0	56	1	1	21	1	1
4055	6	10	3	30	0	56	1	1	21	1	1
4055	6	11	30	30	0	29	0	2	21	1	1
4055	6	12	27	30	0	29	1	2	21	1	1
4055	6	13	24	30	0	29	1	2	21	1	1
4055	6	14	21	30	0	29	1	2	21	1	1
4055	6	15	18	30	0	29	1	2	21	1	1
4055	6	16	15	30	0	29	0	2	21	1	1
4055	6	17	12	30	0	29	1	2	21	1	1
4055	6	18	9	30	0	29	1	2	21	1	1
4055	6	19	6	30	0	29	1	2	21	1	1
4055	6	20	3	30	0	29	1	2	21	1	1
4055	6	21	30	30	0	101	0	3	21	1	1
4055	6	22	27	30	0	101	0	3	21	1	1
4055	6	23	24	30	0	101	0	3	21	1	1
4055	6	24	21	30	0	101	0	3	21	1	1
4055	6	25	18	30	0	101	0	3	21	1	1
4055	6	26	15	30	0	101	0	3	21	1	1
4055	6	27	12	30	0	101	0	3	21	1	1
4055	6	28	9	30	0	101	0	3	21	1	1
4055	6	29	6	30	0	101	0	3	21	1	1
4055	6	30	3	30	0	101	0	3	21	1	1
4055	6	31	30	30	0	15	0	4	21	1	1
4055	6	32	27	30	0	15	1	4	21	1	1
4055	6	33	24	30	0	15	1	4	21	1	1
4055	6	34	21	30	0	15	1	4	21	1	1
4055	6	35	18	30	0	15	1	4	21	1	1
4055	6	36	15	30	0	15	1	4	21	1	1
4055	6	37	12	30	0	15	1	4	21	1	1
4055	6	38	9	30	0	15	1	4	21	1	1
4055	6	39	6	30	0	15	1	4	21	1	1
4055	6	40	3	30	0	15	1	4	21	1	1
4055	6	41	30	30	0	7	0	5	21	1	1
4055	6	42	27	30	0	7	1	5	21	1	1
4055	6	43	24	30	0	7	1	5	21	1	1
4055	6	44	21	30	0	7	1	5	21	1	1
4055	6	45	18	30	0	7	1	5	21	1	1
4055	6	46	15	30	0	7	1	5	21	1	1
4055	6	47	12	30	0	7	1	5	21	1	1
4055	6	48	9	30	0	7	1	5	21	1	1
4055	6	49	6	30	0	7	1	5	21	1	1
4055	6	50	3	30	0	7	1	5	21	1	1
4060	9	1	3	30	0	15	1	1	22	1	1
4060	9	2	6	30	0	15	0	1	22	1	1
4060	9	3	9	30	0	15	0	1	22	1	1
4060	9	4	12	30	0	15	0	1	22	1	1
4060	9	5	15	30	0	15	0	1	22	1	1
4060	9	6	18	30	0	15	0	1	22	1	1
4060	9	7	21	30	0	15	1	1	22	1	1
4060	9	8	24	30	0	15	0	1	22	1	1
4060	9	9	27	30	0	15	0	1	22	1	1
4060	9	10	30	30	0	15	0	1	22	1	1
4060	9	11	3	30	0	7	1	2	22	1	1
4060	9	12	6	30	0	7	1	2	22	1	1
4060	9	13	9	30	0	7	1	2	22	1	1
4060	9	14	12	30	0	7	0	2	22	1	1
4060	9	15	15	30	0	7	0	2	22	1	1
4060	9	16	18	30	0	7	0	2	22	1	1
4060	9	17	21	30	0	7	1	2	22	1	1
4060	9	18	24	30	0	7	1	2	22	1	1
4060	9	19	27	30	0	7	0	2	22	1	1
4060	9	20	30	30	0	7	0	2	22	1	1
4060	9	21	3	30	0	29	0	3	22	1	1
4060	9	22	6	30	0	29	0	3	22	1	1
4060	9	23	9	30	0	29	0	3	22	1	1
4060	9	24	12	30	0	29	1	3	22	1	1
4060	9	25	15	30	0	29	1	3	22	1	1
4060	9	26	18	30	0	29	0	3	22	1	1
4060	9	27	21	30	0	29	0	3	22	1	1
4060	9	28	24	30	0	29	0	3	22	1	1
4060	9	29	27	30	0	29	0	3	22	1	1
4060	9	30	30	30	0	29	0	3	22	1	1
4060	9	31	3	30	0	101	1	4	22	1	1
4060	9	32	6	30	0	101	0	4	22	1	1
4060	9	33	9	30	0	101	0	4	22	1	1
4060	9	34	12	30	0	101	0	4	22	1	1
4060	9	35	15	30	0	101	0	4	22	1	1
4060	9	36	18	30	0	101	0	4	22	1	1
4060	9	37	21	30	0	101	0	4	22	1	1
4060	9	38	24	30	0	101	0	4	22	1	1
4060	9	39	27	30	0	101	0	4	22	1	1
4060	9	40	30	30	0	101	0	4	22	1	1
4060	9	41	3	30	0	56	1	5	22	1	1
4060	9	42	6	30	0	56	1	5	22	1	1
4060	9	43	9	30	0	56	1	5	22	1	1
4060	9	44	12	30	0	56	0	5	22	1	1
4060	9	45	15	30	0	56	0	5	22	1	1
4060	9	46	18	30	0	56	0	5	22	1	1
4060	9	47	21	30	0	56	0	5	22	1	1
4060	9	48	24	30	0	56	0	5	22	1	1
4060	9	49	27	30	0	56	0	5	22	1	1
4060	9	50	30	30	0	56	0	5	22	1	1
4062	10	1	3	30	0	29	0	1	23	1	1
4062	10	2	6	30	0	29	1	1	23	1	1
4062	10	3	9	30	0	29	1	1	23	1	1
4062	10	4	12	30	0	29	1	1	23	1	1
4062	10	5	15	30	0	29	1	1	23	1	1
4062	10	6	18	30	0	29	1	1	23	1	1
4062	10	7	21	30	0	29	1	1	23	1	1
4062	10	8	24	30	0	29	1	1	23	1	1
4062	10	9	27	30	0	29	1	1	23	1	1
4062	10	10	30	30	0	29	0	1	23	1	1
4062	10	11	3	30	0	15	1	2	23	1	1
4062	10	12	6	30	0	15	1	2	23	1	1
4062	10	13	9	30	0	15	1	2	23	1	1
4062	10	14	12	30	0	15	1	2	23	1	1
4062	10	15	15	30	0	15	1	2	23	1	1
4062	10	16	18	30	0	15	1	2	23	1	1
4062	10	17	21	30	0	15	1	2	23	1	1
4062	10	18	24	30	0	15	1	2	23	1	1
4062	10	19	27	30	0	15	1	2	23	1	1
4062	10	20	30	30	0	15	1	2	23	1	1
4062	10	21	3	30	0	56	1	3	23	1	1
4062	10	22	6	30	0	56	1	3	23	1	1
4062	10	23	9	30	0	56	1	3	23	1	1
4062	10	24	12	30	0	56	0	3	23	1	1
4062	10	25	15	30	0	56	0	3	23	1	1
4062	10	26	18	30	0	56	0	3	23	1	1
4062	10	27	21	30	0	56	0	3	23	1	1
4062	10	28	24	30	0	56	0	3	23	1	1
4062	10	29	27	30	0	56	0	3	23	1	1
4062	10	30	30	30	0	56	0	3	23	1	1
4062	10	31	3	30	0	7	0	4	23	1	1
4062	10	32	6	30	0	7	0	4	23	1	1
4062	10	33	9	30	0	7	0	4	23	1	1
4062	10	34	12	30	0	7	0	4	23	1	1
4062	10	35	15	30	0	7	0	4	23	1	1
4062	10	36	18	30	0	7	0	4	23	1	1
4062	10	37	21	30	0	7	1	4	23	1	1
4062	10	38	24	30	0	7	1	4	23	1	1
4062	10	39	27	30	0	7	1	4	23	1	1
4062	10	40	30	30	0	7	0	4	23	1	1
4062	10	41	3	30	0	101	0	5	23	1	1
4062	10	42	6	30	0	101	0	5	23	1	1
4062	10	43	9	30	0	101	0	5	23	1	1
4062	10	44	12	30	0	101	0	5	23	1	1
4062	10	45	15	30	0	101	0	5	23	1	1
4062	10	46	18	30	0	101	0	5	23	1	1
4062	10	47	21	30	0	101	0	5	23	1	1
4062	10	48	24	30	0	101	0	5	23	1	1
4062	10	49	27	30	0	101	0	5	23	1	1
4062	10	50	30	30	0	101	0	5	23	1	1
4064	1	1	30	30	0	7	0	1	24	1	1
4064	1	2	27	30	0	7	0	1	24	1	1
4064	1	3	24	30	0	7	0	1	24	1	1
4064	1	4	21	30	0	7	0	1	24	1	1
4064	1	5	18	30	0	7	0	1	24	1	1
4064	1	6	15	30	0	7	1	1	24	1	1
4064	1	7	12	30	0	7	1	1	24	1	1
4064	1	8	9	30	0	7	1	1	24	1	1
4064	1	9	6	30	0	7	1	1	24	1	1
4064	1	10	3	30	0	7	1	1	24	1	1
4064	1	11	30	30	0	15	0	2	24	1	1
4064	1	12	27	30	0	15	0	2	24	1	1
4064	1	13	24	30	0	15	0	2	24	1	1
4064	1	14	21	30	0	15	0	2	24	1	1
4064	1	15	18	30	0	15	0	2	24	1	1
4064	1	16	15	30	0	15	1	2	24	1	1
4064	1	17	12	30	0	15	1	2	24	1	1
4064	1	18	9	30	0	15	1	2	24	1	1
4064	1	19	6	30	0	15	1	2	24	1	1
4064	1	20	3	30	0	15	1	2	24	1	1
4064	1	21	30	30	0	101	0	3	24	1	1
4064	1	22	27	30	0	101	0	3	24	1	1
4064	1	23	24	30	0	101	0	3	24	1	1
4064	1	24	21	30	0	101	0	3	24	1	1
4064	1	25	18	30	0	101	0	3	24	1	1
4064	1	26	15	30	0	101	0	3	24	1	1
4064	1	27	12	30	0	101	0	3	24	1	1
4064	1	28	9	30	0	101	1	3	24	1	1
4064	1	29	6	30	0	101	1	3	24	1	1
4064	1	30	3	30	0	101	0	3	24	1	1
4064	1	31	30	30	0	29	0	4	24	1	1
4064	1	32	27	30	0	29	0	4	24	1	1
4064	1	33	24	30	0	29	0	4	24	1	1
4064	1	34	21	30	0	29	1	4	24	1	1
4064	1	35	18	30	0	29	1	4	24	1	1
4064	1	36	15	30	0	29	1	4	24	1	1
4064	1	37	12	30	0	29	0	4	24	1	1
4064	1	38	9	30	0	29	1	4	24	1	1
4064	1	39	6	30	0	29	0	4	24	1	1
4064	1	40	3	30	0	29	1	4	24	1	1
4064	1	41	30	30	0	56	0	5	24	1	1
4064	1	42	27	30	0	56	0	5	24	1	1
4064	1	43	24	30	0	56	0	5	24	1	1
4064	1	44	21	30	0	56	0	5	24	1	1
4064	1	45	18	30	0	56	0	5	24	1	1
4064	1	46	15	30	0	56	0	5	24	1	1
4064	1	47	12	30	0	56	0	5	24	1	1
4064	1	48	9	30	0	56	0	5	24	1	1
4064	1	49	6	30	0	56	0	5	24	1	1
4064	1	50	3	30	0	56	0	5	24	1	1
4066	2	1	30	30	0	15	0	1	25	1	1
4066	2	2	27	30	0	15	1	1	25	1	1
4066	2	3	24	30	0	15	0	1	25	1	1
4066	2	4	21	30	0	15	0	1	25	1	1
4066	2	5	18	30	0	15	1	1	25	1	1
4066	2	6	15	30	0	15	0	1	25	1	1
4066	2	7	12	30	0	15	1	1	25	1	1
4066	2	8	9	30	0	15	1	1	25	1	1
4066	2	9	6	30	0	15	1	1	25	1	1
4066	2	10	3	30	0	15	1	1	25	1	1
4066	2	11	30	30	0	29	0	2	25	1	1
4066	2	12	27	30	0	29	0	2	25	1	1
4066	2	13	24	30	0	29	0	2	25	1	1
4066	2	14	21	30	0	29	0	2	25	1	1
4066	2	15	18	30	0	29	0	2	25	1	1
4066	2	16	15	30	0	29	1	2	25	1	1
4066	2	17	12	30	0	29	1	2	25	1	1
4066	2	18	9	30	0	29	1	2	25	1	1
4066	2	19	6	30	0	29	1	2	25	1	1
4066	2	20	3	30	0	29	1	2	25	1	1
4066	2	21	30	30	0	7	0	3	25	1	1
4066	2	22	27	30	0	7	1	3	25	1	1
4066	2	23	24	30	0	7	0	3	25	1	1
4066	2	24	21	30	0	7	1	3	25	1	1
4066	2	25	18	30	0	7	1	3	25	1	1
4066	2	26	15	30	0	7	1	3	25	1	1
4066	2	27	12	30	0	7	1	3	25	1	1
4066	2	28	9	30	0	7	1	3	25	1	1
4066	2	29	6	30	0	7	1	3	25	1	1
4066	2	30	3	30	0	7	1	3	25	1	1
4066	2	31	30	30	0	56	0	4	25	1	1
4066	2	32	27	30	0	56	0	4	25	1	1
4066	2	33	24	30	0	56	0	4	25	1	1
4066	2	34	21	30	0	56	0	4	25	1	1
4066	2	35	18	30	0	56	0	4	25	1	1
4066	2	36	15	30	0	56	0	4	25	1	1
4066	2	37	12	30	0	56	0	4	25	1	1
4066	2	38	9	30	0	56	1	4	25	1	1
4066	2	39	6	30	0	56	1	4	25	1	1
4066	2	40	3	30	0	56	1	4	25	1	1
4066	2	41	30	30	0	101	0	5	25	1	1
4066	2	42	27	30	0	101	0	5	25	1	1
4066	2	43	24	30	0	101	0	5	25	1	1
4066	2	44	21	30	0	101	0	5	25	1	1
4066	2	45	18	30	0	101	0	5	25	1	1
4066	2	46	15	30	0	101	0	5	25	1	1
4066	2	47	12	30	0	101	0	5	25	1	1
4066	2	48	9	30	0	101	1	5	25	1	1
4066	2	49	6	30	0	101	1	5	25	1	1
4066	2	50	3	30	0	101	1	5	25	1	1
4070	3	1	3	30	0	29	1	1	26	1	1
4070	3	2	6	30	0	29	0	1	26	1	1
4070	3	3	9	30	0	29	0	1	26	1	1
4070	3	4	12	30	0	29	0	1	26	1	1
4070	3	5	15	30	0	29	1	1	26	1	1
4070	3	6	18	30	0	29	0	1	26	1	1
4070	3	7	21	30	0	29	0	1	26	1	1
4070	3	8	24	30	0	29	0	1	26	1	1
4070	3	9	27	30	0	29	0	1	26	1	1
4070	3	10	30	30	0	29	0	1	26	1	1
4070	3	11	3	30	0	56	1	2	26	1	1
4070	3	12	6	30	0	56	1	2	26	1	1
4070	3	13	9	30	0	56	1	2	26	1	1
4070	3	14	12	30	0	56	0	2	26	1	1
4070	3	15	15	30	0	56	0	2	26	1	1
4070	3	16	18	30	0	56	0	2	26	1	1
4070	3	17	21	30	0	56	0	2	26	1	1
4070	3	18	24	30	0	56	0	2	26	1	1
4070	3	19	27	30	0	56	0	2	26	1	1
4070	3	20	30	30	0	56	0	2	26	1	1
4070	3	21	3	30	0	15	1	3	26	1	1
4070	3	22	6	30	0	15	1	3	26	1	1
4070	3	23	9	30	0	15	1	3	26	1	1
4070	3	24	12	30	0	15	1	3	26	1	1
4070	3	25	15	30	0	15	1	3	26	1	1
4070	3	26	18	30	0	15	1	3	26	1	1
4070	3	27	21	30	0	15	1	3	26	1	1
4070	3	28	24	30	0	15	0	3	26	1	1
4070	3	29	27	30	0	15	0	3	26	1	1
4070	3	30	30	30	0	15	0	3	26	1	1
4070	3	31	3	30	0	101	1	4	26	1	1
4070	3	32	6	30	0	101	0	4	26	1	1
4070	3	33	9	30	0	101	0	4	26	1	1
4070	3	34	12	30	0	101	0	4	26	1	1
4070	3	35	15	30	0	101	0	4	26	1	1
4070	3	36	18	30	0	101	0	4	26	1	1
4070	3	37	21	30	0	101	0	4	26	1	1
4070	3	38	24	30	0	101	0	4	26	1	1
4070	3	39	27	30	0	101	0	4	26	1	1
4070	3	40	30	30	0	101	0	4	26	1	1
4070	3	41	3	30	0	7	1	5	26	1	1
4070	3	42	6	30	0	7	1	5	26	1	1
4070	3	43	9	30	0	7	1	5	26	1	1
4070	3	44	12	30	0	7	1	5	26	1	1
4070	3	45	15	30	0	7	1	5	26	1	1
4070	3	46	18	30	0	7	1	5	26	1	1
4070	3	47	21	30	0	7	1	5	26	1	1
4070	3	48	24	30	0	7	1	5	26	1	1
4070	3	49	27	30	0	7	0	5	26	1	1
4070	3	50	30	30	0	7	0	5	26	1	1
4082	8	1	3	30	0	7	1	1	27	1	1
4082	8	2	6	30	0	7	0	1	27	1	1
4082	8	3	9	30	0	7	1	1	27	1	1
4082	8	4	12	30	0	7	0	1	27	1	1
4082	8	5	15	30	0	7	0	1	27	1	1
4082	8	6	18	30	0	7	0	1	27	1	1
4082	8	7	21	30	0	7	1	1	27	1	1
4082	8	8	24	30	0	7	0	1	27	1	1
4082	8	9	27	30	0	7	0	1	27	1	1
4082	8	10	30	30	0	7	0	1	27	1	1
4082	8	11	3	30	0	101	1	2	27	1	1
4082	8	12	6	30	0	101	0	2	27	1	1
4082	8	13	9	30	0	101	1	2	27	1	1
4082	8	14	12	30	0	101	0	2	27	1	1
4082	8	15	15	30	0	101	0	2	27	1	1
4082	8	16	18	30	0	101	0	2	27	1	1
4082	8	17	21	30	0	101	0	2	27	1	1
4082	8	18	24	30	0	101	0	2	27	1	1
4082	8	19	27	30	0	101	0	2	27	1	1
4082	8	20	30	30	0	101	0	2	27	1	1
4082	8	21	3	30	0	15	1	3	27	1	1
4082	8	22	6	30	0	15	1	3	27	1	1
4082	8	23	9	30	0	15	1	3	27	1	1
4082	8	24	12	30	0	15	1	3	27	1	1
4082	8	25	15	30	0	15	0	3	27	1	1
4082	8	26	18	30	0	15	1	3	27	1	1
4082	8	27	21	30	0	15	1	3	27	1	1
4082	8	28	24	30	0	15	1	3	27	1	1
4082	8	29	27	30	0	15	0	3	27	1	1
4082	8	30	30	30	0	15	0	3	27	1	1
4082	8	31	3	30	0	56	0	4	27	1	1
4082	8	32	6	30	0	56	0	4	27	1	1
4082	8	33	9	30	0	56	0	4	27	1	1
4082	8	34	12	30	0	56	0	4	27	1	1
4082	8	35	15	30	0	56	1	4	27	1	1
4082	8	36	18	30	0	56	0	4	27	1	1
4082	8	37	21	30	0	56	0	4	27	1	1
4082	8	38	24	30	0	56	0	4	27	1	1
4082	8	39	27	30	0	56	0	4	27	1	1
4082	8	40	30	30	0	56	0	4	27	1	1
4082	8	41	3	30	0	29	1	5	27	1	1
4082	8	42	6	30	0	29	0	5	27	1	1
4082	8	43	9	30	0	29	1	5	27	1	1
4082	8	44	12	30	0	29	0	5	27	1	1
4082	8	45	15	30	0	29	0	5	27	1	1
4082	8	46	18	30	0	29	0	5	27	1	1
4082	8	47	21	30	0	29	0	5	27	1	1
4082	8	48	24	30	0	29	0	5	27	1	1
4082	8	49	27	30	0	29	0	5	27	1	1
4082	8	50	30	30	0	29	0	5	27	1	1
4084	9	1	3	30	0	15	1	1	28	1	1
4084	9	2	6	30	0	15	1	1	28	1	1
4084	9	3	9	30	0	15	1	1	28	1	1
4084	9	4	12	30	0	15	1	1	28	1	1
4084	9	5	15	30	0	15	1	1	28	1	1
4084	9	6	18	30	0	15	1	1	28	1	1
4084	9	7	21	30	0	15	1	1	28	1	1
4084	9	8	24	30	0	15	0	1	28	1	1
4084	9	9	27	30	0	15	0	1	28	1	1
4084	9	10	30	30	0	15	0	1	28	1	1
4084	9	11	3	30	0	7	1	2	28	1	1
4084	9	12	6	30	0	7	1	2	28	1	1
4084	9	13	9	30	0	7	1	2	28	1	1
4084	9	14	12	30	0	7	1	2	28	1	1
4084	9	15	15	30	0	7	0	2	28	1	1
4084	9	16	18	30	0	7	0	2	28	1	1
4084	9	17	21	30	0	7	0	2	28	1	1
4084	9	18	24	30	0	7	0	2	28	1	1
4084	9	19	27	30	0	7	0	2	28	1	1
4084	9	20	30	30	0	7	0	2	28	1	1
4084	9	21	3	30	0	29	1	3	28	1	1
4084	9	22	6	30	0	29	1	3	28	1	1
4084	9	23	9	30	0	29	1	3	28	1	1
4084	9	24	12	30	0	29	1	3	28	1	1
4084	9	25	15	30	0	29	0	3	28	1	1
4084	9	26	18	30	0	29	0	3	28	1	1
4084	9	27	21	30	0	29	0	3	28	1	1
4084	9	28	24	30	0	29	0	3	28	1	1
4084	9	29	27	30	0	29	0	3	28	1	1
4084	9	30	30	30	0	29	0	3	28	1	1
4084	9	31	3	30	0	101	0	4	28	1	1
4084	9	32	6	30	0	101	0	4	28	1	1
4084	9	33	9	30	0	101	0	4	28	1	1
4084	9	34	12	30	0	101	0	4	28	1	1
4084	9	35	15	30	0	101	0	4	28	1	1
4084	9	36	18	30	0	101	0	4	28	1	1
4084	9	37	21	30	0	101	0	4	28	1	1
4084	9	38	24	30	0	101	0	4	28	1	1
4084	9	39	27	30	0	101	0	4	28	1	1
4084	9	40	30	30	0	101	0	4	28	1	1
4084	9	41	3	30	0	56	0	5	28	1	1
4084	9	42	6	30	0	56	0	5	28	1	1
4084	9	43	9	30	0	56	0	5	28	1	1
4084	9	44	12	30	0	56	0	5	28	1	1
4084	9	45	15	30	0	56	0	5	28	1	1
4084	9	46	18	30	0	56	0	5	28	1	1
4084	9	47	21	30	0	56	0	5	28	1	1
4084	9	48	24	30	0	56	0	5	28	1	1
4084	9	49	27	30	0	56	0	5	28	1	1
4084	9	50	30	30	0	56	0	5	28	1	1
4085	10	1	3	30	0	29	1	1	29	1	1
4085	10	2	6	30	0	29	1	1	29	1	1
4085	10	3	9	30	0	29	0	1	29	1	1
4085	10	4	12	30	0	29	1	1	29	1	1
4085	10	5	15	30	0	29	1	1	29	1	1
4085	10	6	18	30	0	29	0	1	29	1	1
4085	10	7	21	30	0	29	0	1	29	1	1
4085	10	8	24	30	0	29	0	1	29	1	1
4085	10	9	27	30	0	29	0	1	29	1	1
4085	10	10	30	30	0	29	0	1	29	1	1
4085	10	11	3	30	0	15	1	2	29	1	1
4085	10	12	6	30	0	15	0	2	29	1	1
4085	10	13	9	30	0	15	0	2	29	1	1
4085	10	14	12	30	0	15	1	2	29	1	1
4085	10	15	15	30	0	15	0	2	29	1	1
4085	10	16	18	30	0	15	0	2	29	1	1
4085	10	17	21	30	0	15	0	2	29	1	1
4085	10	18	24	30	0	15	0	2	29	1	1
4085	10	19	27	30	0	15	0	2	29	1	1
4085	10	20	30	30	0	15	0	2	29	1	1
4085	10	21	3	30	0	56	0	3	29	1	1
4085	10	22	6	30	0	56	0	3	29	1	1
4085	10	23	9	30	0	56	0	3	29	1	1
4085	10	24	12	30	0	56	0	3	29	1	1
4085	10	25	15	30	0	56	0	3	29	1	1
4085	10	26	18	30	0	56	0	3	29	1	1
4085	10	27	21	30	0	56	0	3	29	1	1
4085	10	28	24	30	0	56	0	3	29	1	1
4085	10	29	27	30	0	56	0	3	29	1	1
4085	10	30	30	30	0	56	0	3	29	1	1
4085	10	31	3	30	0	7	1	4	29	1	1
4085	10	32	6	30	0	7	1	4	29	1	1
4085	10	33	9	30	0	7	1	4	29	1	1
4085	10	34	12	30	0	7	1	4	29	1	1
4085	10	35	15	30	0	7	1	4	29	1	1
4085	10	36	18	30	0	7	0	4	29	1	1
4085	10	37	21	30	0	7	0	4	29	1	1
4085	10	38	24	30	0	7	0	4	29	1	1
4085	10	39	27	30	0	7	0	4	29	1	1
4085	10	40	30	30	0	7	0	4	29	1	1
4085	10	41	3	30	0	101	0	5	29	1	1
4085	10	42	6	30	0	101	0	5	29	1	1
4085	10	43	9	30	0	101	0	5	29	1	1
4085	10	44	12	30	0	101	0	5	29	1	1
4085	10	45	15	30	0	101	0	5	29	1	1
4085	10	46	18	30	0	101	0	5	29	1	1
4085	10	47	21	30	0	101	0	5	29	1	1
4085	10	48	24	30	0	101	0	5	29	1	1
4085	10	49	27	30	0	101	0	5	29	1	1
4085	10	50	30	30	0	101	0	5	29	1	1
4087	1	1	3	30	0	7	0	1	30	1	1
4087	1	2	6	30	0	7	1	1	30	1	1
4087	1	3	9	30	0	7	1	1	30	1	1
4087	1	4	12	30	0	7	1	1	30	1	1
4087	1	5	15	30	0	7	1	1	30	1	1
4087	1	6	18	30	0	7	1	1	30	1	1
4087	1	7	21	30	0	7	1	1	30	1	1
4087	1	8	24	30	0	7	0	1	30	1	1
4087	1	9	27	30	0	7	0	1	30	1	1
4087	1	10	30	30	0	7	0	1	30	1	1
4087	1	11	3	30	0	15	1	2	30	1	1
4087	1	12	6	30	0	15	1	2	30	1	1
4087	1	13	9	30	0	15	0	2	30	1	1
4087	1	14	12	30	0	15	0	2	30	1	1
4087	1	15	15	30	0	15	0	2	30	1	1
4087	1	16	18	30	0	15	0	2	30	1	1
4087	1	17	21	30	0	15	0	2	30	1	1
4087	1	18	24	30	0	15	0	2	30	1	1
4087	1	19	27	30	0	15	0	2	30	1	1
4087	1	20	30	30	0	15	0	2	30	1	1
4087	1	21	3	30	0	101	0	3	30	1	1
4087	1	22	6	30	0	101	0	3	30	1	1
4087	1	23	9	30	0	101	0	3	30	1	1
4087	1	24	12	30	0	101	0	3	30	1	1
4087	1	25	15	30	0	101	0	3	30	1	1
4087	1	26	18	30	0	101	0	3	30	1	1
4087	1	27	21	30	0	101	0	3	30	1	1
4087	1	28	24	30	0	101	0	3	30	1	1
4087	1	29	27	30	0	101	0	3	30	1	1
4087	1	30	30	30	0	101	0	3	30	1	1
4087	1	31	3	30	0	29	1	4	30	1	1
4087	1	32	6	30	0	29	0	4	30	1	1
4087	1	33	9	30	0	29	0	4	30	1	1
4087	1	34	12	30	0	29	0	4	30	1	1
4087	1	35	15	30	0	29	0	4	30	1	1
4087	1	36	18	30	0	29	0	4	30	1	1
4087	1	37	21	30	0	29	0	4	30	1	1
4087	1	38	24	30	0	29	0	4	30	1	1
4087	1	39	27	30	0	29	0	4	30	1	1
4087	1	40	30	30	0	29	0	4	30	1	1
4087	1	41	3	30	0	56	0	5	30	1	1
4087	1	42	6	30	0	56	0	5	30	1	1
4087	1	43	9	30	0	56	0	5	30	1	1
4087	1	44	12	30	0	56	0	5	30	1	1
4087	1	45	15	30	0	56	0	5	30	1	1
4087	1	46	18	30	0	56	0	5	30	1	1
4087	1	47	21	30	0	56	0	5	30	1	1
4087	1	48	24	30	0	56	0	5	30	1	1
4087	1	49	27	30	0	56	0	5	30	1	1
4087	1	50	30	30	0	56	0	5	30	1	1
4089	3	1	3	30	0	29	1	1	31	1	1
4089	3	2	6	30	0	29	0	1	31	1	1
4089	3	3	9	30	0	29	0	1	31	1	1
4089	3	4	12	30	0	29	0	1	31	1	1
4089	3	5	15	30	0	29	0	1	31	1	1
4089	3	6	18	30	0	29	1	1	31	1	1
4089	3	7	21	30	0	29	0	1	31	1	1
4089	3	8	24	30	0	29	0	1	31	1	1
4089	3	9	27	30	0	29	0	1	31	1	1
4089	3	10	30	30	0	29	0	1	31	1	1
4089	3	11	3	30	0	56	1	2	31	1	1
4089	3	12	6	30	0	56	1	2	31	1	1
4089	3	13	9	30	0	56	0	2	31	1	1
4089	3	14	12	30	0	56	0	2	31	1	1
4089	3	15	15	30	0	56	0	2	31	1	1
4089	3	16	18	30	0	56	0	2	31	1	1
4089	3	17	21	30	0	56	0	2	31	1	1
4089	3	18	24	30	0	56	0	2	31	1	1
4089	3	19	27	30	0	56	0	2	31	1	1
4089	3	20	30	30	0	56	0	2	31	1	1
4089	3	21	3	30	0	15	1	3	31	1	1
4089	3	22	6	30	0	15	1	3	31	1	1
4089	3	23	9	30	0	15	1	3	31	1	1
4089	3	24	12	30	0	15	0	3	31	1	1
4089	3	25	15	30	0	15	0	3	31	1	1
4089	3	26	18	30	0	15	0	3	31	1	1
4089	3	27	21	30	0	15	0	3	31	1	1
4089	3	28	24	30	0	15	0	3	31	1	1
4089	3	29	27	30	0	15	0	3	31	1	1
4089	3	30	30	30	0	15	0	3	31	1	1
4089	3	31	3	30	0	101	0	4	31	1	1
4089	3	32	6	30	0	101	0	4	31	1	1
4089	3	33	9	30	0	101	0	4	31	1	1
4089	3	34	12	30	0	101	0	4	31	1	1
4089	3	35	15	30	0	101	0	4	31	1	1
4089	3	36	18	30	0	101	0	4	31	1	1
4089	3	37	21	30	0	101	0	4	31	1	1
4089	3	38	24	30	0	101	0	4	31	1	1
4089	3	39	27	30	0	101	0	4	31	1	1
4089	3	40	30	30	0	101	0	4	31	1	1
4089	3	41	3	30	0	7	1	5	31	1	1
4089	3	42	6	30	0	7	1	5	31	1	1
4089	3	43	9	30	0	7	1	5	31	1	1
4089	3	44	12	30	0	7	0	5	31	1	1
4089	3	45	15	30	0	7	0	5	31	1	1
4089	3	46	18	30	0	7	0	5	31	1	1
4089	3	47	21	30	0	7	0	5	31	1	1
4089	3	48	24	30	0	7	0	5	31	1	1
4089	3	49	27	30	0	7	0	5	31	1	1
4089	3	50	30	30	0	7	0	5	31	1	1
4094	6	1	3	30	0	56	1	1	32	1	1
4094	6	2	6	30	0	56	0	1	32	1	1
4094	6	3	9	30	0	56	1	1	32	1	1
4094	6	4	12	30	0	56	0	1	32	1	1
4094	6	5	15	30	0	56	0	1	32	1	1
4094	6	6	18	30	0	56	0	1	32	1	1
4094	6	7	21	30	0	56	0	1	32	1	1
4094	6	8	24	30	0	56	0	1	32	1	1
4094	6	9	27	30	0	56	0	1	32	1	1
4094	6	10	30	30	0	56	0	1	32	1	1
4094	6	11	3	30	0	29	1	2	32	1	1
4094	6	12	6	30	0	29	1	2	32	1	1
4094	6	13	9	30	0	29	1	2	32	1	1
4094	6	14	12	30	0	29	1	2	32	1	1
4094	6	15	15	30	0	29	1	2	32	1	1
4094	6	16	18	30	0	29	0	2	32	1	1
4094	6	17	21	30	0	29	1	2	32	1	1
4094	6	18	24	30	0	29	0	2	32	1	1
4094	6	19	27	30	0	29	0	2	32	1	1
4094	6	20	30	30	0	29	0	2	32	1	1
4094	6	21	3	30	0	101	0	3	32	1	1
4094	6	22	6	30	0	101	1	3	32	1	1
4094	6	23	9	30	0	101	0	3	32	1	1
4094	6	24	12	30	0	101	0	3	32	1	1
4094	6	25	15	30	0	101	0	3	32	1	1
4094	6	26	18	30	0	101	0	3	32	1	1
4094	6	27	21	30	0	101	0	3	32	1	1
4094	6	28	24	30	0	101	0	3	32	1	1
4094	6	29	27	30	0	101	0	3	32	1	1
4094	6	30	30	30	0	101	0	3	32	1	1
4094	6	31	3	30	0	15	1	4	32	1	1
4094	6	32	6	30	0	15	1	4	32	1	1
4094	6	33	9	30	0	15	1	4	32	1	1
4094	6	34	12	30	0	15	1	4	32	1	1
4094	6	35	15	30	0	15	1	4	32	1	1
4094	6	36	18	30	0	15	1	4	32	1	1
4094	6	37	21	30	0	15	0	4	32	1	1
4094	6	38	24	30	0	15	0	4	32	1	1
4094	6	39	27	30	0	15	0	4	32	1	1
4094	6	40	30	30	0	15	0	4	32	1	1
4094	6	41	3	30	0	7	1	5	32	1	1
4094	6	42	6	30	0	7	1	5	32	1	1
4094	6	43	9	30	0	7	1	5	32	1	1
4094	6	44	12	30	0	7	1	5	32	1	1
4094	6	45	15	30	0	7	1	5	32	1	1
4094	6	46	18	30	0	7	0	5	32	1	1
4094	6	47	21	30	0	7	0	5	32	1	1
4094	6	48	24	30	0	7	0	5	32	1	1
4094	6	49	27	30	0	7	0	5	32	1	1
4094	6	50	30	30	0	7	0	5	32	1	1
4098	8	1	30	30	0	7	0	1	33	1	1
4098	8	2	27	30	0	7	1	1	33	1	1
4098	8	3	24	30	0	7	1	1	33	1	1
4098	8	4	21	30	0	7	0	1	33	1	1
4098	8	5	18	30	0	7	1	1	33	1	1
4098	8	6	15	30	0	7	1	1	33	1	1
4098	8	7	12	30	0	7	1	1	33	1	1
4098	8	8	9	30	0	7	1	1	33	1	1
4098	8	9	6	30	0	7	0	1	33	1	1
4098	8	10	3	30	0	7	1	1	33	1	1
4098	8	11	30	30	0	101	0	2	33	1	1
4098	8	12	27	30	0	101	0	2	33	1	1
4098	8	13	24	30	0	101	0	2	33	1	1
4098	8	14	21	30	0	101	0	2	33	1	1
4098	8	15	18	30	0	101	0	2	33	1	1
4098	8	16	15	30	0	101	0	2	33	1	1
4098	8	17	12	30	0	101	0	2	33	1	1
4098	8	18	9	30	0	101	0	2	33	1	1
4098	8	19	6	30	0	101	0	2	33	1	1
4098	8	20	3	30	0	101	0	2	33	1	1
4098	8	21	30	30	0	15	0	3	33	1	1
4098	8	22	27	30	0	15	0	3	33	1	1
4098	8	23	24	30	0	15	0	3	33	1	1
4098	8	24	21	30	0	15	0	3	33	1	1
4098	8	25	18	30	0	15	0	3	33	1	1
4098	8	26	15	30	0	15	0	3	33	1	1
4098	8	27	12	30	0	15	0	3	33	1	1
4098	8	28	9	30	0	15	0	3	33	1	1
4098	8	29	6	30	0	15	0	3	33	1	1
4098	8	30	3	30	0	15	0	3	33	1	1
4098	8	31	30	30	0	56	0	4	33	1	1
4098	8	32	27	30	0	56	0	4	33	1	1
4098	8	33	24	30	0	56	0	4	33	1	1
4098	8	34	21	30	0	56	0	4	33	1	1
4098	8	35	18	30	0	56	0	4	33	1	1
4098	8	36	15	30	0	56	0	4	33	1	1
4098	8	37	12	30	0	56	0	4	33	1	1
4098	8	38	9	30	0	56	0	4	33	1	1
4098	8	39	6	30	0	56	0	4	33	1	1
4098	8	40	3	30	0	56	0	4	33	1	1
4098	8	41	30	30	0	29	0	5	33	1	1
4098	8	42	27	30	0	29	0	5	33	1	1
4098	8	43	24	30	0	29	0	5	33	1	1
4098	8	44	21	30	0	29	0	5	33	1	1
4098	8	45	18	30	0	29	0	5	33	1	1
4098	8	46	15	30	0	29	0	5	33	1	1
4098	8	47	12	30	0	29	0	5	33	1	1
4098	8	48	9	30	0	29	0	5	33	1	1
4098	8	49	6	30	0	29	0	5	33	1	1
4098	8	50	3	30	0	29	0	5	33	1	1
