Participant	block_order	trial	A	B	DA	DB	R	index	ID	PA	PB
3006	2	1	-30	-30	0	15	1	1	1	1	1
3006	2	2	-27	-30	0	15	0	1	1	1	1
3006	2	3	-24	-30	0	15	0	1	1	1	1
3006	2	4	-21	-30	0	15	0	1	1	1	1
3006	2	5	-18	-30	0	15	0	1	1	1	1
3006	2	6	-15	-30	0	15	0	1	1	1	1
3006	2	7	-12	-30	0	15	0	1	1	1	1
3006	2	8	-9	-30	0	15	0	1	1	1	1
3006	2	9	-6	-30	0	15	0	1	1	1	1
3006	2	10	-3	-30	0	15	0	1	1	1	1
3006	2	11	-30	-30	0	29	1	2	1	1	1
3006	2	12	-27	-30	0	29	1	2	1	1	1
3006	2	13	-24	-30	0	29	0	2	1	1	1
3006	2	14	-21	-30	0	29	0	2	1	1	1
3006	2	15	-18	-30	0	29	0	2	1	1	1
3006	2	16	-15	-30	0	29	0	2	1	1	1
3006	2	17	-12	-30	0	29	0	2	1	1	1
3006	2	18	-9	-30	0	29	0	2	1	1	1
3006	2	19	-6	-30	0	29	0	2	1	1	1
3006	2	20	-3	-30	0	29	0	2	1	1	1
3006	2	21	-30	-30	0	7	1	3	1	1	1
3006	2	22	-27	-30	0	7	0	3	1	1	1
3006	2	23	-24	-30	0	7	0	3	1	1	1
3006	2	24	-21	-30	0	7	0	3	1	1	1
3006	2	25	-18	-30	0	7	0	3	1	1	1
3006	2	26	-15	-30	0	7	0	3	1	1	1
3006	2	27	-12	-30	0	7	0	3	1	1	1
3006	2	28	-9	-30	0	7	0	3	1	1	1
3006	2	29	-6	-30	0	7	0	3	1	1	1
3006	2	30	-3	-30	0	7	0	3	1	1	1
3006	2	31	-30	-30	0	56	1	4	1	1	1
3006	2	32	-27	-30	0	56	1	4	1	1	1
3006	2	33	-24	-30	0	56	1	4	1	1	1
3006	2	34	-21	-30	0	56	1	4	1	1	1
3006	2	35	-18	-30	0	56	0	4	1	1	1
3006	2	36	-15	-30	0	56	0	4	1	1	1
3006	2	37	-12	-30	0	56	0	4	1	1	1
3006	2	38	-9	-30	0	56	0	4	1	1	1
3006	2	39	-6	-30	0	56	0	4	1	1	1
3006	2	40	-3	-30	0	56	0	4	1	1	1
3006	2	41	-30	-30	0	101	1	5	1	1	1
3006	2	42	-27	-30	0	101	1	5	1	1	1
3006	2	43	-24	-30	0	101	1	5	1	1	1
3006	2	44	-21	-30	0	101	1	5	1	1	1
3006	2	45	-18	-30	0	101	0	5	1	1	1
3006	2	46	-15	-30	0	101	0	5	1	1	1
3006	2	47	-12	-30	0	101	0	5	1	1	1
3006	2	48	-9	-30	0	101	0	5	1	1	1
3006	2	49	-6	-30	0	101	0	5	1	1	1
3006	2	50	-3	-30	0	101	0	5	1	1	1
3012	5	1	-30	-30	0	101	1	1	2	1	1
3012	5	2	-27	-30	0	101	0	1	2	1	1
3012	5	3	-24	-30	0	101	0	1	2	1	1
3012	5	4	-21	-30	0	101	0	1	2	1	1
3012	5	5	-18	-30	0	101	1	1	2	1	1
3012	5	6	-15	-30	0	101	1	1	2	1	1
3012	5	7	-12	-30	0	101	1	1	2	1	1
3012	5	8	-9	-30	0	101	0	1	2	1	1
3012	5	9	-6	-30	0	101	1	1	2	1	1
3012	5	10	-3	-30	0	101	1	1	2	1	1
3012	5	11	-30	-30	0	7	1	2	2	1	1
3012	5	12	-27	-30	0	7	0	2	2	1	1
3012	5	13	-24	-30	0	7	0	2	2	1	1
3012	5	14	-21	-30	0	7	0	2	2	1	1
3012	5	15	-18	-30	0	7	0	2	2	1	1
3012	5	16	-15	-30	0	7	0	2	2	1	1
3012	5	17	-12	-30	0	7	0	2	2	1	1
3012	5	18	-9	-30	0	7	0	2	2	1	1
3012	5	19	-6	-30	0	7	0	2	2	1	1
3012	5	20	-3	-30	0	7	0	2	2	1	1
3012	5	21	-30	-30	0	56	1	3	2	1	1
3012	5	22	-27	-30	0	56	1	3	2	1	1
3012	5	23	-24	-30	0	56	0	3	2	1	1
3012	5	24	-21	-30	0	56	0	3	2	1	1
3012	5	25	-18	-30	0	56	0	3	2	1	1
3012	5	26	-15	-30	0	56	0	3	2	1	1
3012	5	27	-12	-30	0	56	0	3	2	1	1
3012	5	28	-9	-30	0	56	0	3	2	1	1
3012	5	29	-6	-30	0	56	0	3	2	1	1
3012	5	30	-3	-30	0	56	0	3	2	1	1
3012	5	31	-30	-30	0	15	0	4	2	1	1
3012	5	32	-27	-30	0	15	1	4	2	1	1
3012	5	33	-24	-30	0	15	1	4	2	1	1
3012	5	34	-21	-30	0	15	1	4	2	1	1
3012	5	35	-18	-30	0	15	0	4	2	1	1
3012	5	36	-15	-30	0	15	0	4	2	1	1
3012	5	37	-12	-30	0	15	0	4	2	1	1
3012	5	38	-9	-30	0	15	0	4	2	1	1
3012	5	39	-6	-30	0	15	0	4	2	1	1
3012	5	40	-3	-30	0	15	0	4	2	1	1
3012	5	41	-30	-30	0	29	0	5	2	1	1
3012	5	42	-27	-30	0	29	1	5	2	1	1
3012	5	43	-24	-30	0	29	1	5	2	1	1
3012	5	44	-21	-30	0	29	1	5	2	1	1
3012	5	45	-18	-30	0	29	0	5	2	1	1
3012	5	46	-15	-30	0	29	0	5	2	1	1
3012	5	47	-12	-30	0	29	0	5	2	1	1
3012	5	48	-9	-30	0	29	0	5	2	1	1
3012	5	49	-6	-30	0	29	0	5	2	1	1
3012	5	50	-3	-30	0	29	0	5	2	1	1
3016	7	1	-30	-30	0	101	1	1	3	1	1
3016	7	2	-27	-30	0	101	1	1	3	1	1
3016	7	3	-24	-30	0	101	1	1	3	1	1
3016	7	4	-21	-30	0	101	0	1	3	1	1
3016	7	5	-18	-30	0	101	0	1	3	1	1
3016	7	6	-15	-30	0	101	1	1	3	1	1
3016	7	7	-12	-30	0	101	1	1	3	1	1
3016	7	8	-9	-30	0	101	0	1	3	1	1
3016	7	9	-6	-30	0	101	0	1	3	1	1
3016	7	10	-3	-30	0	101	0	1	3	1	1
3016	7	11	-30	-30	0	56	1	2	3	1	1
3016	7	12	-27	-30	0	56	1	2	3	1	1
3016	7	13	-24	-30	0	56	1	2	3	1	1
3016	7	14	-21	-30	0	56	0	2	3	1	1
3016	7	15	-18	-30	0	56	0	2	3	1	1
3016	7	16	-15	-30	0	56	1	2	3	1	1
3016	7	17	-12	-30	0	56	1	2	3	1	1
3016	7	18	-9	-30	0	56	0	2	3	1	1
3016	7	19	-6	-30	0	56	0	2	3	1	1
3016	7	20	-3	-30	0	56	0	2	3	1	1
3016	7	21	-30	-30	0	7	1	3	3	1	1
3016	7	22	-27	-30	0	7	0	3	3	1	1
3016	7	23	-24	-30	0	7	0	3	3	1	1
3016	7	24	-21	-30	0	7	0	3	3	1	1
3016	7	25	-18	-30	0	7	0	3	3	1	1
3016	7	26	-15	-30	0	7	0	3	3	1	1
3016	7	27	-12	-30	0	7	0	3	3	1	1
3016	7	28	-9	-30	0	7	0	3	3	1	1
3016	7	29	-6	-30	0	7	0	3	3	1	1
3016	7	30	-3	-30	0	7	0	3	3	1	1
3016	7	31	-30	-30	0	29	1	4	3	1	1
3016	7	32	-27	-30	0	29	1	4	3	1	1
3016	7	33	-24	-30	0	29	1	4	3	1	1
3016	7	34	-21	-30	0	29	1	4	3	1	1
3016	7	35	-18	-30	0	29	0	4	3	1	1
3016	7	36	-15	-30	0	29	0	4	3	1	1
3016	7	37	-12	-30	0	29	0	4	3	1	1
3016	7	38	-9	-30	0	29	0	4	3	1	1
3016	7	39	-6	-30	0	29	0	4	3	1	1
3016	7	40	-3	-30	0	29	0	4	3	1	1
3016	7	41	-30	-30	0	15	1	5	3	1	1
3016	7	42	-27	-30	0	15	1	5	3	1	1
3016	7	43	-24	-30	0	15	0	5	3	1	1
3016	7	44	-21	-30	0	15	0	5	3	1	1
3016	7	45	-18	-30	0	15	0	5	3	1	1
3016	7	46	-15	-30	0	15	0	5	3	1	1
3016	7	47	-12	-30	0	15	0	5	3	1	1
3016	7	48	-9	-30	0	15	0	5	3	1	1
3016	7	49	-6	-30	0	15	0	5	3	1	1
3016	7	50	-3	-30	0	15	0	5	3	1	1
3022	8	1	-30	-30	0	7	0	1	4	1	1
3022	8	2	-27	-30	0	7	0	1	4	1	1
3022	8	3	-24	-30	0	7	0	1	4	1	1
3022	8	4	-21	-30	0	7	0	1	4	1	1
3022	8	5	-18	-30	0	7	0	1	4	1	1
3022	8	6	-15	-30	0	7	0	1	4	1	1
3022	8	7	-12	-30	0	7	0	1	4	1	1
3022	8	8	-9	-30	0	7	0	1	4	1	1
3022	8	9	-6	-30	0	7	0	1	4	1	1
3022	8	10	-3	-30	0	7	0	1	4	1	1
3022	8	11	-30	-30	0	101	1	2	4	1	1
3022	8	12	-27	-30	0	101	0	2	4	1	1
3022	8	13	-24	-30	0	101	0	2	4	1	1
3022	8	14	-21	-30	0	101	0	2	4	1	1
3022	8	15	-18	-30	0	101	0	2	4	1	1
3022	8	16	-15	-30	0	101	0	2	4	1	1
3022	8	17	-12	-30	0	101	0	2	4	1	1
3022	8	18	-9	-30	0	101	0	2	4	1	1
3022	8	19	-6	-30	0	101	0	2	4	1	1
3022	8	20	-3	-30	0	101	0	2	4	1	1
3022	8	21	-30	-30	0	15	1	3	4	1	1
3022	8	22	-27	-30	0	15	1	3	4	1	1
3022	8	23	-24	-30	0	15	0	3	4	1	1
3022	8	24	-21	-30	0	15	0	3	4	1	1
3022	8	25	-18	-30	0	15	0	3	4	1	1
3022	8	26	-15	-30	0	15	0	3	4	1	1
3022	8	27	-12	-30	0	15	0	3	4	1	1
3022	8	28	-9	-30	0	15	0	3	4	1	1
3022	8	29	-6	-30	0	15	0	3	4	1	1
3022	8	30	-3	-30	0	15	0	3	4	1	1
3022	8	31	-30	-30	0	56	1	4	4	1	1
3022	8	32	-27	-30	0	56	0	4	4	1	1
3022	8	33	-24	-30	0	56	0	4	4	1	1
3022	8	34	-21	-30	0	56	0	4	4	1	1
3022	8	35	-18	-30	0	56	0	4	4	1	1
3022	8	36	-15	-30	0	56	0	4	4	1	1
3022	8	37	-12	-30	0	56	0	4	4	1	1
3022	8	38	-9	-30	0	56	0	4	4	1	1
3022	8	39	-6	-30	0	56	0	4	4	1	1
3022	8	40	-3	-30	0	56	0	4	4	1	1
3022	8	41	-30	-30	0	29	1	5	4	1	1
3022	8	42	-27	-30	0	29	1	5	4	1	1
3022	8	43	-24	-30	0	29	0	5	4	1	1
3022	8	44	-21	-30	0	29	0	5	4	1	1
3022	8	45	-18	-30	0	29	0	5	4	1	1
3022	8	46	-15	-30	0	29	0	5	4	1	1
3022	8	47	-12	-30	0	29	0	5	4	1	1
3022	8	48	-9	-30	0	29	0	5	4	1	1
3022	8	49	-6	-30	0	29	0	5	4	1	1
3022	8	50	-3	-30	0	29	0	5	4	1	1
3023	4	1	-3	-30	0	56	0	1	5	1	1
3023	4	2	-6	-30	0	56	0	1	5	1	1
3023	4	3	-9	-30	0	56	0	1	5	1	1
3023	4	4	-12	-30	0	56	1	1	5	1	1
3023	4	5	-15	-30	0	56	1	1	5	1	1
3023	4	6	-18	-30	0	56	0	1	5	1	1
3023	4	7	-21	-30	0	56	1	1	5	1	1
3023	4	8	-24	-30	0	56	0	1	5	1	1
3023	4	9	-27	-30	0	56	0	1	5	1	1
3023	4	10	-30	-30	0	56	1	1	5	1	1
3023	4	11	-3	-30	0	101	0	2	5	1	1
3023	4	12	-6	-30	0	101	0	2	5	1	1
3023	4	13	-9	-30	0	101	0	2	5	1	1
3023	4	14	-12	-30	0	101	0	2	5	1	1
3023	4	15	-15	-30	0	101	0	2	5	1	1
3023	4	16	-18	-30	0	101	0	2	5	1	1
3023	4	17	-21	-30	0	101	0	2	5	1	1
3023	4	18	-24	-30	0	101	1	2	5	1	1
3023	4	19	-27	-30	0	101	1	2	5	1	1
3023	4	20	-30	-30	0	101	1	2	5	1	1
3023	4	21	-3	-30	0	29	0	3	5	1	1
3023	4	22	-6	-30	0	29	0	3	5	1	1
3023	4	23	-9	-30	0	29	0	3	5	1	1
3023	4	24	-12	-30	0	29	0	3	5	1	1
3023	4	25	-15	-30	0	29	0	3	5	1	1
3023	4	26	-18	-30	0	29	0	3	5	1	1
3023	4	27	-21	-30	0	29	0	3	5	1	1
3023	4	28	-24	-30	0	29	0	3	5	1	1
3023	4	29	-27	-30	0	29	0	3	5	1	1
3023	4	30	-30	-30	0	29	1	3	5	1	1
3023	4	31	-3	-30	0	7	0	4	5	1	1
3023	4	32	-6	-30	0	7	0	4	5	1	1
3023	4	33	-9	-30	0	7	0	4	5	1	1
3023	4	34	-12	-30	0	7	0	4	5	1	1
3023	4	35	-15	-30	0	7	0	4	5	1	1
3023	4	36	-18	-30	0	7	0	4	5	1	1
3023	4	37	-21	-30	0	7	0	4	5	1	1
3023	4	38	-24	-30	0	7	0	4	5	1	1
3023	4	39	-27	-30	0	7	0	4	5	1	1
3023	4	40	-30	-30	0	7	1	4	5	1	1
3023	4	41	-3	-30	0	15	0	5	5	1	1
3023	4	42	-6	-30	0	15	0	5	5	1	1
3023	4	43	-9	-30	0	15	0	5	5	1	1
3023	4	44	-12	-30	0	15	0	5	5	1	1
3023	4	45	-15	-30	0	15	0	5	5	1	1
3023	4	46	-18	-30	0	15	0	5	5	1	1
3023	4	47	-21	-30	0	15	1	5	5	1	1
3023	4	48	-24	-30	0	15	1	5	5	1	1
3023	4	49	-27	-30	0	15	1	5	5	1	1
3023	4	50	-30	-30	0	15	1	5	5	1	1
3024	9	1	-30	-30	0	15	1	1	6	1	1
3024	9	2	-27	-30	0	15	0	1	6	1	1
3024	9	3	-24	-30	0	15	0	1	6	1	1
3024	9	4	-21	-30	0	15	0	1	6	1	1
3024	9	5	-18	-30	0	15	0	1	6	1	1
3024	9	6	-15	-30	0	15	0	1	6	1	1
3024	9	7	-12	-30	0	15	0	1	6	1	1
3024	9	8	-9	-30	0	15	1	1	6	1	1
3024	9	9	-6	-30	0	15	1	1	6	1	1
3024	9	10	-3	-30	0	15	0	1	6	1	1
3024	9	11	-30	-30	0	7	1	2	6	1	1
3024	9	12	-27	-30	0	7	1	2	6	1	1
3024	9	13	-24	-30	0	7	0	2	6	1	1
3024	9	14	-21	-30	0	7	0	2	6	1	1
3024	9	15	-18	-30	0	7	0	2	6	1	1
3024	9	16	-15	-30	0	7	0	2	6	1	1
3024	9	17	-12	-30	0	7	0	2	6	1	1
3024	9	18	-9	-30	0	7	0	2	6	1	1
3024	9	19	-6	-30	0	7	0	2	6	1	1
3024	9	20	-3	-30	0	7	0	2	6	1	1
3024	9	21	-30	-30	0	29	0	3	6	1	1
3024	9	22	-27	-30	0	29	1	3	6	1	1
3024	9	23	-24	-30	0	29	0	3	6	1	1
3024	9	24	-21	-30	0	29	0	3	6	1	1
3024	9	25	-18	-30	0	29	0	3	6	1	1
3024	9	26	-15	-30	0	29	0	3	6	1	1
3024	9	27	-12	-30	0	29	0	3	6	1	1
3024	9	28	-9	-30	0	29	0	3	6	1	1
3024	9	29	-6	-30	0	29	0	3	6	1	1
3024	9	30	-3	-30	0	29	0	3	6	1	1
3024	9	31	-30	-30	0	101	0	4	6	1	1
3024	9	32	-27	-30	0	101	1	4	6	1	1
3024	9	33	-24	-30	0	101	1	4	6	1	1
3024	9	34	-21	-30	0	101	1	4	6	1	1
3024	9	35	-18	-30	0	101	1	4	6	1	1
3024	9	36	-15	-30	0	101	1	4	6	1	1
3024	9	37	-12	-30	0	101	1	4	6	1	1
3024	9	38	-9	-30	0	101	1	4	6	1	1
3024	9	39	-6	-30	0	101	1	4	6	1	1
3024	9	40	-3	-30	0	101	1	4	6	1	1
3024	9	41	-30	-30	0	56	0	5	6	1	1
3024	9	42	-27	-30	0	56	1	5	6	1	1
3024	9	43	-24	-30	0	56	1	5	6	1	1
3024	9	44	-21	-30	0	56	0	5	6	1	1
3024	9	45	-18	-30	0	56	1	5	6	1	1
3024	9	46	-15	-30	0	56	1	5	6	1	1
3024	9	47	-12	-30	0	56	0	5	6	1	1
3024	9	48	-9	-30	0	56	0	5	6	1	1
3024	9	49	-6	-30	0	56	0	5	6	1	1
3024	9	50	-3	-30	0	56	1	5	6	1	1
3025	10	1	-30	-30	0	29	1	1	7	1	1
3025	10	2	-27	-30	0	29	0	1	7	1	1
3025	10	3	-24	-30	0	29	0	1	7	1	1
3025	10	4	-21	-30	0	29	0	1	7	1	1
3025	10	5	-18	-30	0	29	0	1	7	1	1
3025	10	6	-15	-30	0	29	0	1	7	1	1
3025	10	7	-12	-30	0	29	0	1	7	1	1
3025	10	8	-9	-30	0	29	0	1	7	1	1
3025	10	9	-6	-30	0	29	0	1	7	1	1
3025	10	10	-3	-30	0	29	0	1	7	1	1
3025	10	11	-30	-30	0	15	1	2	7	1	1
3025	10	12	-27	-30	0	15	0	2	7	1	1
3025	10	13	-24	-30	0	15	0	2	7	1	1
3025	10	14	-21	-30	0	15	0	2	7	1	1
3025	10	15	-18	-30	0	15	0	2	7	1	1
3025	10	16	-15	-30	0	15	0	2	7	1	1
3025	10	17	-12	-30	0	15	0	2	7	1	1
3025	10	18	-9	-30	0	15	0	2	7	1	1
3025	10	19	-6	-30	0	15	0	2	7	1	1
3025	10	20	-3	-30	0	15	0	2	7	1	1
3025	10	21	-30	-30	0	56	1	3	7	1	1
3025	10	22	-27	-30	0	56	1	3	7	1	1
3025	10	23	-24	-30	0	56	1	3	7	1	1
3025	10	24	-21	-30	0	56	0	3	7	1	1
3025	10	25	-18	-30	0	56	0	3	7	1	1
3025	10	26	-15	-30	0	56	0	3	7	1	1
3025	10	27	-12	-30	0	56	0	3	7	1	1
3025	10	28	-9	-30	0	56	0	3	7	1	1
3025	10	29	-6	-30	0	56	0	3	7	1	1
3025	10	30	-3	-30	0	56	0	3	7	1	1
3025	10	31	-30	-30	0	7	1	4	7	1	1
3025	10	32	-27	-30	0	7	1	4	7	1	1
3025	10	33	-24	-30	0	7	1	4	7	1	1
3025	10	34	-21	-30	0	7	1	4	7	1	1
3025	10	35	-18	-30	0	7	0	4	7	1	1
3025	10	36	-15	-30	0	7	0	4	7	1	1
3025	10	37	-12	-30	0	7	0	4	7	1	1
3025	10	38	-9	-30	0	7	0	4	7	1	1
3025	10	39	-6	-30	0	7	0	4	7	1	1
3025	10	40	-3	-30	0	7	0	4	7	1	1
3025	10	41	-30	-30	0	101	1	5	7	1	1
3025	10	42	-27	-30	0	101	1	5	7	1	1
3025	10	43	-24	-30	0	101	1	5	7	1	1
3025	10	44	-21	-30	0	101	1	5	7	1	1
3025	10	45	-18	-30	0	101	1	5	7	1	1
3025	10	46	-15	-30	0	101	1	5	7	1	1
3025	10	47	-12	-30	0	101	1	5	7	1	1
3025	10	48	-9	-30	0	101	1	5	7	1	1
3025	10	49	-6	-30	0	101	0	5	7	1	1
3025	10	50	-3	-30	0	101	0	5	7	1	1
3026	1	1	-30	-30	0	7	1	1	8	1	1
3026	1	2	-27	-30	0	7	0	1	8	1	1
3026	1	3	-24	-30	0	7	0	1	8	1	1
3026	1	4	-21	-30	0	7	0	1	8	1	1
3026	1	5	-18	-30	0	7	1	1	8	1	1
3026	1	6	-15	-30	0	7	0	1	8	1	1
3026	1	7	-12	-30	0	7	1	1	8	1	1
3026	1	8	-9	-30	0	7	1	1	8	1	1
3026	1	9	-6	-30	0	7	0	1	8	1	1
3026	1	10	-3	-30	0	7	1	1	8	1	1
3026	1	11	-30	-30	0	15	1	2	8	1	1
3026	1	12	-27	-30	0	15	0	2	8	1	1
3026	1	13	-24	-30	0	15	0	2	8	1	1
3026	1	14	-21	-30	0	15	0	2	8	1	1
3026	1	15	-18	-30	0	15	1	2	8	1	1
3026	1	16	-15	-30	0	15	1	2	8	1	1
3026	1	17	-12	-30	0	15	0	2	8	1	1
3026	1	18	-9	-30	0	15	1	2	8	1	1
3026	1	19	-6	-30	0	15	0	2	8	1	1
3026	1	20	-3	-30	0	15	0	2	8	1	1
3026	1	21	-30	-30	0	101	1	3	8	1	1
3026	1	22	-27	-30	0	101	1	3	8	1	1
3026	1	23	-24	-30	0	101	0	3	8	1	1
3026	1	24	-21	-30	0	101	0	3	8	1	1
3026	1	25	-18	-30	0	101	1	3	8	1	1
3026	1	26	-15	-30	0	101	1	3	8	1	1
3026	1	27	-12	-30	0	101	1	3	8	1	1
3026	1	28	-9	-30	0	101	1	3	8	1	1
3026	1	29	-6	-30	0	101	1	3	8	1	1
3026	1	30	-3	-30	0	101	0	3	8	1	1
3026	1	31	-30	-30	0	29	1	4	8	1	1
3026	1	32	-27	-30	0	29	1	4	8	1	1
3026	1	33	-24	-30	0	29	1	4	8	1	1
3026	1	34	-21	-30	0	29	0	4	8	1	1
3026	1	35	-18	-30	0	29	1	4	8	1	1
3026	1	36	-15	-30	0	29	0	4	8	1	1
3026	1	37	-12	-30	0	29	1	4	8	1	1
3026	1	38	-9	-30	0	29	0	4	8	1	1
3026	1	39	-6	-30	0	29	1	4	8	1	1
3026	1	40	-3	-30	0	29	1	4	8	1	1
3026	1	41	-30	-30	0	56	0	5	8	1	1
3026	1	42	-27	-30	0	56	1	5	8	1	1
3026	1	43	-24	-30	0	56	1	5	8	1	1
3026	1	44	-21	-30	0	56	1	5	8	1	1
3026	1	45	-18	-30	0	56	0	5	8	1	1
3026	1	46	-15	-30	0	56	1	5	8	1	1
3026	1	47	-12	-30	0	56	0	5	8	1	1
3026	1	48	-9	-30	0	56	1	5	8	1	1
3026	1	49	-6	-30	0	56	1	5	8	1	1
3026	1	50	-3	-30	0	56	1	5	8	1	1
3028	2	1	-3	-30	0	15	0	1	9	1	1
3028	2	2	-6	-30	0	15	0	1	9	1	1
3028	2	3	-9	-30	0	15	0	1	9	1	1
3028	2	4	-12	-30	0	15	0	1	9	1	1
3028	2	5	-15	-30	0	15	0	1	9	1	1
3028	2	6	-18	-30	0	15	1	1	9	1	1
3028	2	7	-21	-30	0	15	0	1	9	1	1
3028	2	8	-24	-30	0	15	0	1	9	1	1
3028	2	9	-27	-30	0	15	1	1	9	1	1
3028	2	10	-30	-30	0	15	1	1	9	1	1
3028	2	11	-3	-30	0	29	0	2	9	1	1
3028	2	12	-6	-30	0	29	0	2	9	1	1
3028	2	13	-9	-30	0	29	0	2	9	1	1
3028	2	14	-12	-30	0	29	0	2	9	1	1
3028	2	15	-15	-30	0	29	0	2	9	1	1
3028	2	16	-18	-30	0	29	0	2	9	1	1
3028	2	17	-21	-30	0	29	1	2	9	1	1
3028	2	18	-24	-30	0	29	1	2	9	1	1
3028	2	19	-27	-30	0	29	1	2	9	1	1
3028	2	20	-30	-30	0	29	1	2	9	1	1
3028	2	21	-3	-30	0	7	0	3	9	1	1
3028	2	22	-6	-30	0	7	0	3	9	1	1
3028	2	23	-9	-30	0	7	0	3	9	1	1
3028	2	24	-12	-30	0	7	0	3	9	1	1
3028	2	25	-15	-30	0	7	0	3	9	1	1
3028	2	26	-18	-30	0	7	0	3	9	1	1
3028	2	27	-21	-30	0	7	0	3	9	1	1
3028	2	28	-24	-30	0	7	1	3	9	1	1
3028	2	29	-27	-30	0	7	1	3	9	1	1
3028	2	30	-30	-30	0	7	1	3	9	1	1
3028	2	31	-3	-30	0	56	1	4	9	1	1
3028	2	32	-6	-30	0	56	0	4	9	1	1
3028	2	33	-9	-30	0	56	0	4	9	1	1
3028	2	34	-12	-30	0	56	0	4	9	1	1
3028	2	35	-15	-30	0	56	0	4	9	1	1
3028	2	36	-18	-30	0	56	0	4	9	1	1
3028	2	37	-21	-30	0	56	0	4	9	1	1
3028	2	38	-24	-30	0	56	1	4	9	1	1
3028	2	39	-27	-30	0	56	0	4	9	1	1
3028	2	40	-30	-30	0	56	1	4	9	1	1
3028	2	41	-3	-30	0	101	0	5	9	1	1
3028	2	42	-6	-30	0	101	0	5	9	1	1
3028	2	43	-9	-30	0	101	0	5	9	1	1
3028	2	44	-12	-30	0	101	0	5	9	1	1
3028	2	45	-15	-30	0	101	0	5	9	1	1
3028	2	46	-18	-30	0	101	0	5	9	1	1
3028	2	47	-21	-30	0	101	1	5	9	1	1
3028	2	48	-24	-30	0	101	0	5	9	1	1
3028	2	49	-27	-30	0	101	1	5	9	1	1
3028	2	50	-30	-30	0	101	1	5	9	1	1
3030	7	1	-30	-30	0	101	1	1	10	1	1
3030	7	2	-27	-30	0	101	1	1	10	1	1
3030	7	3	-24	-30	0	101	0	1	10	1	1
3030	7	4	-21	-30	0	101	0	1	10	1	1
3030	7	5	-18	-30	0	101	0	1	10	1	1
3030	7	6	-15	-30	0	101	0	1	10	1	1
3030	7	7	-12	-30	0	101	0	1	10	1	1
3030	7	8	-9	-30	0	101	1	1	10	1	1
3030	7	9	-6	-30	0	101	0	1	10	1	1
3030	7	10	-3	-30	0	101	0	1	10	1	1
3030	7	11	-30	-30	0	56	1	2	10	1	1
3030	7	12	-27	-30	0	56	1	2	10	1	1
3030	7	13	-24	-30	0	56	0	2	10	1	1
3030	7	14	-21	-30	0	56	0	2	10	1	1
3030	7	15	-18	-30	0	56	0	2	10	1	1
3030	7	16	-15	-30	0	56	0	2	10	1	1
3030	7	17	-12	-30	0	56	0	2	10	1	1
3030	7	18	-9	-30	0	56	0	2	10	1	1
3030	7	19	-6	-30	0	56	0	2	10	1	1
3030	7	20	-3	-30	0	56	0	2	10	1	1
3030	7	21	-30	-30	0	7	1	3	10	1	1
3030	7	22	-27	-30	0	7	0	3	10	1	1
3030	7	23	-24	-30	0	7	0	3	10	1	1
3030	7	24	-21	-30	0	7	0	3	10	1	1
3030	7	25	-18	-30	0	7	0	3	10	1	1
3030	7	26	-15	-30	0	7	0	3	10	1	1
3030	7	27	-12	-30	0	7	0	3	10	1	1
3030	7	28	-9	-30	0	7	0	3	10	1	1
3030	7	29	-6	-30	0	7	0	3	10	1	1
3030	7	30	-3	-30	0	7	0	3	10	1	1
3030	7	31	-30	-30	0	29	1	4	10	1	1
3030	7	32	-27	-30	0	29	0	4	10	1	1
3030	7	33	-24	-30	0	29	0	4	10	1	1
3030	7	34	-21	-30	0	29	0	4	10	1	1
3030	7	35	-18	-30	0	29	0	4	10	1	1
3030	7	36	-15	-30	0	29	0	4	10	1	1
3030	7	37	-12	-30	0	29	0	4	10	1	1
3030	7	38	-9	-30	0	29	0	4	10	1	1
3030	7	39	-6	-30	0	29	0	4	10	1	1
3030	7	40	-3	-30	0	29	0	4	10	1	1
3030	7	41	-30	-30	0	15	1	5	10	1	1
3030	7	42	-27	-30	0	15	0	5	10	1	1
3030	7	43	-24	-30	0	15	0	5	10	1	1
3030	7	44	-21	-30	0	15	0	5	10	1	1
3030	7	45	-18	-30	0	15	0	5	10	1	1
3030	7	46	-15	-30	0	15	0	5	10	1	1
3030	7	47	-12	-30	0	15	0	5	10	1	1
3030	7	48	-9	-30	0	15	0	5	10	1	1
3030	7	49	-6	-30	0	15	0	5	10	1	1
3030	7	50	-3	-30	0	15	0	5	10	1	1
3033	9	1	-30	-30	0	15	1	1	11	1	1
3033	9	2	-27	-30	0	15	0	1	11	1	1
3033	9	3	-24	-30	0	15	1	1	11	1	1
3033	9	4	-21	-30	0	15	0	1	11	1	1
3033	9	5	-18	-30	0	15	0	1	11	1	1
3033	9	6	-15	-30	0	15	1	1	11	1	1
3033	9	7	-12	-30	0	15	0	1	11	1	1
3033	9	8	-9	-30	0	15	0	1	11	1	1
3033	9	9	-6	-30	0	15	1	1	11	1	1
3033	9	10	-3	-30	0	15	0	1	11	1	1
3033	9	11	-30	-30	0	7	1	2	11	1	1
3033	9	12	-27	-30	0	7	1	2	11	1	1
3033	9	13	-24	-30	0	7	0	2	11	1	1
3033	9	14	-21	-30	0	7	0	2	11	1	1
3033	9	15	-18	-30	0	7	0	2	11	1	1
3033	9	16	-15	-30	0	7	1	2	11	1	1
3033	9	17	-12	-30	0	7	0	2	11	1	1
3033	9	18	-9	-30	0	7	0	2	11	1	1
3033	9	19	-6	-30	0	7	0	2	11	1	1
3033	9	20	-3	-30	0	7	0	2	11	1	1
3033	9	21	-30	-30	0	29	1	3	11	1	1
3033	9	22	-27	-30	0	29	1	3	11	1	1
3033	9	23	-24	-30	0	29	1	3	11	1	1
3033	9	24	-21	-30	0	29	0	3	11	1	1
3033	9	25	-18	-30	0	29	0	3	11	1	1
3033	9	26	-15	-30	0	29	1	3	11	1	1
3033	9	27	-12	-30	0	29	0	3	11	1	1
3033	9	28	-9	-30	0	29	1	3	11	1	1
3033	9	29	-6	-30	0	29	0	3	11	1	1
3033	9	30	-3	-30	0	29	0	3	11	1	1
3033	9	31	-30	-30	0	101	1	4	11	1	1
3033	9	32	-27	-30	0	101	1	4	11	1	1
3033	9	33	-24	-30	0	101	1	4	11	1	1
3033	9	34	-21	-30	0	101	1	4	11	1	1
3033	9	35	-18	-30	0	101	0	4	11	1	1
3033	9	36	-15	-30	0	101	0	4	11	1	1
3033	9	37	-12	-30	0	101	1	4	11	1	1
3033	9	38	-9	-30	0	101	0	4	11	1	1
3033	9	39	-6	-30	0	101	0	4	11	1	1
3033	9	40	-3	-30	0	101	1	4	11	1	1
3033	9	41	-30	-30	0	56	0	5	11	1	1
3033	9	42	-27	-30	0	56	1	5	11	1	1
3033	9	43	-24	-30	0	56	0	5	11	1	1
3033	9	44	-21	-30	0	56	0	5	11	1	1
3033	9	45	-18	-30	0	56	1	5	11	1	1
3033	9	46	-15	-30	0	56	0	5	11	1	1
3033	9	47	-12	-30	0	56	1	5	11	1	1
3033	9	48	-9	-30	0	56	0	5	11	1	1
3033	9	49	-6	-30	0	56	0	5	11	1	1
3033	9	50	-3	-30	0	56	1	5	11	1	1
3034	4	1	-30	-30	0	56	1	1	12	1	1
3034	4	2	-27	-30	0	56	1	1	12	1	1
3034	4	3	-24	-30	0	56	0	1	12	1	1
3034	4	4	-21	-30	0	56	0	1	12	1	1
3034	4	5	-18	-30	0	56	0	1	12	1	1
3034	4	6	-15	-30	0	56	0	1	12	1	1
3034	4	7	-12	-30	0	56	0	1	12	1	1
3034	4	8	-9	-30	0	56	1	1	12	1	1
3034	4	9	-6	-30	0	56	1	1	12	1	1
3034	4	10	-3	-30	0	56	0	1	12	1	1
3034	4	11	-30	-30	0	101	1	2	12	1	1
3034	4	12	-27	-30	0	101	1	2	12	1	1
3034	4	13	-24	-30	0	101	1	2	12	1	1
3034	4	14	-21	-30	0	101	1	2	12	1	1
3034	4	15	-18	-30	0	101	0	2	12	1	1
3034	4	16	-15	-30	0	101	1	2	12	1	1
3034	4	17	-12	-30	0	101	1	2	12	1	1
3034	4	18	-9	-30	0	101	1	2	12	1	1
3034	4	19	-6	-30	0	101	0	2	12	1	1
3034	4	20	-3	-30	0	101	0	2	12	1	1
3034	4	21	-30	-30	0	29	1	3	12	1	1
3034	4	22	-27	-30	0	29	1	3	12	1	1
3034	4	23	-24	-30	0	29	0	3	12	1	1
3034	4	24	-21	-30	0	29	1	3	12	1	1
3034	4	25	-18	-30	0	29	1	3	12	1	1
3034	4	26	-15	-30	0	29	0	3	12	1	1
3034	4	27	-12	-30	0	29	0	3	12	1	1
3034	4	28	-9	-30	0	29	0	3	12	1	1
3034	4	29	-6	-30	0	29	0	3	12	1	1
3034	4	30	-3	-30	0	29	0	3	12	1	1
3034	4	31	-30	-30	0	7	1	4	12	1	1
3034	4	32	-27	-30	0	7	0	4	12	1	1
3034	4	33	-24	-30	0	7	0	4	12	1	1
3034	4	34	-21	-30	0	7	0	4	12	1	1
3034	4	35	-18	-30	0	7	0	4	12	1	1
3034	4	36	-15	-30	0	7	0	4	12	1	1
3034	4	37	-12	-30	0	7	0	4	12	1	1
3034	4	38	-9	-30	0	7	0	4	12	1	1
3034	4	39	-6	-30	0	7	0	4	12	1	1
3034	4	40	-3	-30	0	7	0	4	12	1	1
3034	4	41	-30	-30	0	15	1	5	12	1	1
3034	4	42	-27	-30	0	15	1	5	12	1	1
3034	4	43	-24	-30	0	15	0	5	12	1	1
3034	4	44	-21	-30	0	15	1	5	12	1	1
3034	4	45	-18	-30	0	15	0	5	12	1	1
3034	4	46	-15	-30	0	15	1	5	12	1	1
3034	4	47	-12	-30	0	15	1	5	12	1	1
3034	4	48	-9	-30	0	15	0	5	12	1	1
3034	4	49	-6	-30	0	15	0	5	12	1	1
3034	4	50	-3	-30	0	15	0	5	12	1	1
3037	6	1	-30	-30	0	56	1	1	13	1	1
3037	6	2	-27	-30	0	56	0	1	13	1	1
3037	6	3	-24	-30	0	56	0	1	13	1	1
3037	6	4	-21	-30	0	56	0	1	13	1	1
3037	6	5	-18	-30	0	56	0	1	13	1	1
3037	6	6	-15	-30	0	56	0	1	13	1	1
3037	6	7	-12	-30	0	56	0	1	13	1	1
3037	6	8	-9	-30	0	56	0	1	13	1	1
3037	6	9	-6	-30	0	56	0	1	13	1	1
3037	6	10	-3	-30	0	56	0	1	13	1	1
3037	6	11	-30	-30	0	29	1	2	13	1	1
3037	6	12	-27	-30	0	29	1	2	13	1	1
3037	6	13	-24	-30	0	29	1	2	13	1	1
3037	6	14	-21	-30	0	29	0	2	13	1	1
3037	6	15	-18	-30	0	29	0	2	13	1	1
3037	6	16	-15	-30	0	29	0	2	13	1	1
3037	6	17	-12	-30	0	29	0	2	13	1	1
3037	6	18	-9	-30	0	29	0	2	13	1	1
3037	6	19	-6	-30	0	29	0	2	13	1	1
3037	6	20	-3	-30	0	29	0	2	13	1	1
3037	6	21	-30	-30	0	101	1	3	13	1	1
3037	6	22	-27	-30	0	101	0	3	13	1	1
3037	6	23	-24	-30	0	101	0	3	13	1	1
3037	6	24	-21	-30	0	101	0	3	13	1	1
3037	6	25	-18	-30	0	101	0	3	13	1	1
3037	6	26	-15	-30	0	101	0	3	13	1	1
3037	6	27	-12	-30	0	101	0	3	13	1	1
3037	6	28	-9	-30	0	101	0	3	13	1	1
3037	6	29	-6	-30	0	101	0	3	13	1	1
3037	6	30	-3	-30	0	101	0	3	13	1	1
3037	6	31	-30	-30	0	15	1	4	13	1	1
3037	6	32	-27	-30	0	15	0	4	13	1	1
3037	6	33	-24	-30	0	15	0	4	13	1	1
3037	6	34	-21	-30	0	15	0	4	13	1	1
3037	6	35	-18	-30	0	15	0	4	13	1	1
3037	6	36	-15	-30	0	15	0	4	13	1	1
3037	6	37	-12	-30	0	15	0	4	13	1	1
3037	6	38	-9	-30	0	15	0	4	13	1	1
3037	6	39	-6	-30	0	15	0	4	13	1	1
3037	6	40	-3	-30	0	15	0	4	13	1	1
3037	6	41	-30	-30	0	7	1	5	13	1	1
3037	6	42	-27	-30	0	7	0	5	13	1	1
3037	6	43	-24	-30	0	7	0	5	13	1	1
3037	6	44	-21	-30	0	7	0	5	13	1	1
3037	6	45	-18	-30	0	7	0	5	13	1	1
3037	6	46	-15	-30	0	7	0	5	13	1	1
3037	6	47	-12	-30	0	7	0	5	13	1	1
3037	6	48	-9	-30	0	7	0	5	13	1	1
3037	6	49	-6	-30	0	7	0	5	13	1	1
3037	6	50	-3	-30	0	7	0	5	13	1	1
3040	7	1	-30	-30	0	101	1	1	14	1	1
3040	7	2	-27	-30	0	101	0	1	14	1	1
3040	7	3	-24	-30	0	101	1	1	14	1	1
3040	7	4	-21	-30	0	101	0	1	14	1	1
3040	7	5	-18	-30	0	101	0	1	14	1	1
3040	7	6	-15	-30	0	101	0	1	14	1	1
3040	7	7	-12	-30	0	101	0	1	14	1	1
3040	7	8	-9	-30	0	101	0	1	14	1	1
3040	7	9	-6	-30	0	101	0	1	14	1	1
3040	7	10	-3	-30	0	101	0	1	14	1	1
3040	7	11	-30	-30	0	56	1	2	14	1	1
3040	7	12	-27	-30	0	56	1	2	14	1	1
3040	7	13	-24	-30	0	56	1	2	14	1	1
3040	7	14	-21	-30	0	56	1	2	14	1	1
3040	7	15	-18	-30	0	56	0	2	14	1	1
3040	7	16	-15	-30	0	56	0	2	14	1	1
3040	7	17	-12	-30	0	56	0	2	14	1	1
3040	7	18	-9	-30	0	56	0	2	14	1	1
3040	7	19	-6	-30	0	56	0	2	14	1	1
3040	7	20	-3	-30	0	56	0	2	14	1	1
3040	7	21	-30	-30	0	7	1	3	14	1	1
3040	7	22	-27	-30	0	7	1	3	14	1	1
3040	7	23	-24	-30	0	7	0	3	14	1	1
3040	7	24	-21	-30	0	7	1	3	14	1	1
3040	7	25	-18	-30	0	7	0	3	14	1	1
3040	7	26	-15	-30	0	7	0	3	14	1	1
3040	7	27	-12	-30	0	7	0	3	14	1	1
3040	7	28	-9	-30	0	7	0	3	14	1	1
3040	7	29	-6	-30	0	7	0	3	14	1	1
3040	7	30	-3	-30	0	7	0	3	14	1	1
3040	7	31	-30	-30	0	29	1	4	14	1	1
3040	7	32	-27	-30	0	29	1	4	14	1	1
3040	7	33	-24	-30	0	29	1	4	14	1	1
3040	7	34	-21	-30	0	29	1	4	14	1	1
3040	7	35	-18	-30	0	29	0	4	14	1	1
3040	7	36	-15	-30	0	29	0	4	14	1	1
3040	7	37	-12	-30	0	29	0	4	14	1	1
3040	7	38	-9	-30	0	29	0	4	14	1	1
3040	7	39	-6	-30	0	29	0	4	14	1	1
3040	7	40	-3	-30	0	29	0	4	14	1	1
3040	7	41	-30	-30	0	15	1	5	14	1	1
3040	7	42	-27	-30	0	15	1	5	14	1	1
3040	7	43	-24	-30	0	15	1	5	14	1	1
3040	7	44	-21	-30	0	15	1	5	14	1	1
3040	7	45	-18	-30	0	15	0	5	14	1	1
3040	7	46	-15	-30	0	15	0	5	14	1	1
3040	7	47	-12	-30	0	15	0	5	14	1	1
3040	7	48	-9	-30	0	15	0	5	14	1	1
3040	7	49	-6	-30	0	15	0	5	14	1	1
3040	7	50	-3	-30	0	15	0	5	14	1	1
3042	8	1	-30	-30	0	7	1	1	15	1	1
3042	8	2	-27	-30	0	7	1	1	15	1	1
3042	8	3	-24	-30	0	7	0	1	15	1	1
3042	8	4	-21	-30	0	7	0	1	15	1	1
3042	8	5	-18	-30	0	7	0	1	15	1	1
3042	8	6	-15	-30	0	7	0	1	15	1	1
3042	8	7	-12	-30	0	7	0	1	15	1	1
3042	8	8	-9	-30	0	7	0	1	15	1	1
3042	8	9	-6	-30	0	7	0	1	15	1	1
3042	8	10	-3	-30	0	7	0	1	15	1	1
3042	8	11	-30	-30	0	101	1	2	15	1	1
3042	8	12	-27	-30	0	101	1	2	15	1	1
3042	8	13	-24	-30	0	101	1	2	15	1	1
3042	8	14	-21	-30	0	101	1	2	15	1	1
3042	8	15	-18	-30	0	101	1	2	15	1	1
3042	8	16	-15	-30	0	101	0	2	15	1	1
3042	8	17	-12	-30	0	101	0	2	15	1	1
3042	8	18	-9	-30	0	101	0	2	15	1	1
3042	8	19	-6	-30	0	101	0	2	15	1	1
3042	8	20	-3	-30	0	101	0	2	15	1	1
3042	8	21	-30	-30	0	15	1	3	15	1	1
3042	8	22	-27	-30	0	15	1	3	15	1	1
3042	8	23	-24	-30	0	15	1	3	15	1	1
3042	8	24	-21	-30	0	15	0	3	15	1	1
3042	8	25	-18	-30	0	15	0	3	15	1	1
3042	8	26	-15	-30	0	15	0	3	15	1	1
3042	8	27	-12	-30	0	15	0	3	15	1	1
3042	8	28	-9	-30	0	15	0	3	15	1	1
3042	8	29	-6	-30	0	15	0	3	15	1	1
3042	8	30	-3	-30	0	15	0	3	15	1	1
3042	8	31	-30	-30	0	56	1	4	15	1	1
3042	8	32	-27	-30	0	56	1	4	15	1	1
3042	8	33	-24	-30	0	56	1	4	15	1	1
3042	8	34	-21	-30	0	56	1	4	15	1	1
3042	8	35	-18	-30	0	56	1	4	15	1	1
3042	8	36	-15	-30	0	56	1	4	15	1	1
3042	8	37	-12	-30	0	56	0	4	15	1	1
3042	8	38	-9	-30	0	56	0	4	15	1	1
3042	8	39	-6	-30	0	56	0	4	15	1	1
3042	8	40	-3	-30	0	56	0	4	15	1	1
3042	8	41	-30	-30	0	29	1	5	15	1	1
3042	8	42	-27	-30	0	29	1	5	15	1	1
3042	8	43	-24	-30	0	29	1	5	15	1	1
3042	8	44	-21	-30	0	29	1	5	15	1	1
3042	8	45	-18	-30	0	29	1	5	15	1	1
3042	8	46	-15	-30	0	29	1	5	15	1	1
3042	8	47	-12	-30	0	29	1	5	15	1	1
3042	8	48	-9	-30	0	29	1	5	15	1	1
3042	8	49	-6	-30	0	29	0	5	15	1	1
3042	8	50	-3	-30	0	29	0	5	15	1	1
3046	9	1	-30	-30	0	15	0	1	16	1	1
3046	9	2	-27	-30	0	15	0	1	16	1	1
3046	9	3	-24	-30	0	15	1	1	16	1	1
3046	9	4	-21	-30	0	15	0	1	16	1	1
3046	9	5	-18	-30	0	15	0	1	16	1	1
3046	9	6	-15	-30	0	15	0	1	16	1	1
3046	9	7	-12	-30	0	15	0	1	16	1	1
3046	9	8	-9	-30	0	15	0	1	16	1	1
3046	9	9	-6	-30	0	15	0	1	16	1	1
3046	9	10	-3	-30	0	15	1	1	16	1	1
3046	9	11	-30	-30	0	7	1	2	16	1	1
3046	9	12	-27	-30	0	7	0	2	16	1	1
3046	9	13	-24	-30	0	7	0	2	16	1	1
3046	9	14	-21	-30	0	7	0	2	16	1	1
3046	9	15	-18	-30	0	7	0	2	16	1	1
3046	9	16	-15	-30	0	7	0	2	16	1	1
3046	9	17	-12	-30	0	7	0	2	16	1	1
3046	9	18	-9	-30	0	7	0	2	16	1	1
3046	9	19	-6	-30	0	7	0	2	16	1	1
3046	9	20	-3	-30	0	7	0	2	16	1	1
3046	9	21	-30	-30	0	29	0	3	16	1	1
3046	9	22	-27	-30	0	29	0	3	16	1	1
3046	9	23	-24	-30	0	29	0	3	16	1	1
3046	9	24	-21	-30	0	29	1	3	16	1	1
3046	9	25	-18	-30	0	29	0	3	16	1	1
3046	9	26	-15	-30	0	29	0	3	16	1	1
3046	9	27	-12	-30	0	29	0	3	16	1	1
3046	9	28	-9	-30	0	29	0	3	16	1	1
3046	9	29	-6	-30	0	29	0	3	16	1	1
3046	9	30	-3	-30	0	29	0	3	16	1	1
3046	9	31	-30	-30	0	101	1	4	16	1	1
3046	9	32	-27	-30	0	101	1	4	16	1	1
3046	9	33	-24	-30	0	101	1	4	16	1	1
3046	9	34	-21	-30	0	101	0	4	16	1	1
3046	9	35	-18	-30	0	101	0	4	16	1	1
3046	9	36	-15	-30	0	101	1	4	16	1	1
3046	9	37	-12	-30	0	101	1	4	16	1	1
3046	9	38	-9	-30	0	101	1	4	16	1	1
3046	9	39	-6	-30	0	101	0	4	16	1	1
3046	9	40	-3	-30	0	101	1	4	16	1	1
3046	9	41	-30	-30	0	56	1	5	16	1	1
3046	9	42	-27	-30	0	56	1	5	16	1	1
3046	9	43	-24	-30	0	56	0	5	16	1	1
3046	9	44	-21	-30	0	56	0	5	16	1	1
3046	9	45	-18	-30	0	56	0	5	16	1	1
3046	9	46	-15	-30	0	56	0	5	16	1	1
3046	9	47	-12	-30	0	56	0	5	16	1	1
3046	9	48	-9	-30	0	56	1	5	16	1	1
3046	9	49	-6	-30	0	56	0	5	16	1	1
3046	9	50	-3	-30	0	56	0	5	16	1	1
3047	10	1	-3	-30	0	29	0	1	17	1	1
3047	10	2	-6	-30	0	29	0	1	17	1	1
3047	10	3	-9	-30	0	29	0	1	17	1	1
3047	10	4	-12	-30	0	29	0	1	17	1	1
3047	10	5	-15	-30	0	29	0	1	17	1	1
3047	10	6	-18	-30	0	29	0	1	17	1	1
3047	10	7	-21	-30	0	29	0	1	17	1	1
3047	10	8	-24	-30	0	29	0	1	17	1	1
3047	10	9	-27	-30	0	29	1	1	17	1	1
3047	10	10	-30	-30	0	29	1	1	17	1	1
3047	10	11	-3	-30	0	15	0	2	17	1	1
3047	10	12	-6	-30	0	15	0	2	17	1	1
3047	10	13	-9	-30	0	15	0	2	17	1	1
3047	10	14	-12	-30	0	15	0	2	17	1	1
3047	10	15	-15	-30	0	15	0	2	17	1	1
3047	10	16	-18	-30	0	15	0	2	17	1	1
3047	10	17	-21	-30	0	15	0	2	17	1	1
3047	10	18	-24	-30	0	15	0	2	17	1	1
3047	10	19	-27	-30	0	15	0	2	17	1	1
3047	10	20	-30	-30	0	15	1	2	17	1	1
3047	10	21	-3	-30	0	56	0	3	17	1	1
3047	10	22	-6	-30	0	56	0	3	17	1	1
3047	10	23	-9	-30	0	56	0	3	17	1	1
3047	10	24	-12	-30	0	56	0	3	17	1	1
3047	10	25	-15	-30	0	56	0	3	17	1	1
3047	10	26	-18	-30	0	56	0	3	17	1	1
3047	10	27	-21	-30	0	56	1	3	17	1	1
3047	10	28	-24	-30	0	56	1	3	17	1	1
3047	10	29	-27	-30	0	56	1	3	17	1	1
3047	10	30	-30	-30	0	56	1	3	17	1	1
3047	10	31	-3	-30	0	7	0	4	17	1	1
3047	10	32	-6	-30	0	7	0	4	17	1	1
3047	10	33	-9	-30	0	7	0	4	17	1	1
3047	10	34	-12	-30	0	7	0	4	17	1	1
3047	10	35	-15	-30	0	7	0	4	17	1	1
3047	10	36	-18	-30	0	7	0	4	17	1	1
3047	10	37	-21	-30	0	7	0	4	17	1	1
3047	10	38	-24	-30	0	7	1	4	17	1	1
3047	10	39	-27	-30	0	7	1	4	17	1	1
3047	10	40	-30	-30	0	7	1	4	17	1	1
3047	10	41	-3	-30	0	101	0	5	17	1	1
3047	10	42	-6	-30	0	101	0	5	17	1	1
3047	10	43	-9	-30	0	101	0	5	17	1	1
3047	10	44	-12	-30	0	101	0	5	17	1	1
3047	10	45	-15	-30	0	101	0	5	17	1	1
3047	10	46	-18	-30	0	101	0	5	17	1	1
3047	10	47	-21	-30	0	101	0	5	17	1	1
3047	10	48	-24	-30	0	101	1	5	17	1	1
3047	10	49	-27	-30	0	101	1	5	17	1	1
3047	10	50	-30	-30	0	101	1	5	17	1	1
3048	1	1	-3	-30	0	7	0	1	18	1	1
3048	1	2	-6	-30	0	7	0	1	18	1	1
3048	1	3	-9	-30	0	7	0	1	18	1	1
3048	1	4	-12	-30	0	7	0	1	18	1	1
3048	1	5	-15	-30	0	7	1	1	18	1	1
3048	1	6	-18	-30	0	7	0	1	18	1	1
3048	1	7	-21	-30	0	7	1	1	18	1	1
3048	1	8	-24	-30	0	7	1	1	18	1	1
3048	1	9	-27	-30	0	7	0	1	18	1	1
3048	1	10	-30	-30	0	7	1	1	18	1	1
3048	1	11	-3	-30	0	15	0	2	18	1	1
3048	1	12	-6	-30	0	15	0	2	18	1	1
3048	1	13	-9	-30	0	15	0	2	18	1	1
3048	1	14	-12	-30	0	15	0	2	18	1	1
3048	1	15	-15	-30	0	15	1	2	18	1	1
3048	1	16	-18	-30	0	15	1	2	18	1	1
3048	1	17	-21	-30	0	15	0	2	18	1	1
3048	1	18	-24	-30	0	15	0	2	18	1	1
3048	1	19	-27	-30	0	15	0	2	18	1	1
3048	1	20	-30	-30	0	15	1	2	18	1	1
3048	1	21	-3	-30	0	101	1	3	18	1	1
3048	1	22	-6	-30	0	101	0	3	18	1	1
3048	1	23	-9	-30	0	101	1	3	18	1	1
3048	1	24	-12	-30	0	101	0	3	18	1	1
3048	1	25	-15	-30	0	101	0	3	18	1	1
3048	1	26	-18	-30	0	101	0	3	18	1	1
3048	1	27	-21	-30	0	101	0	3	18	1	1
3048	1	28	-24	-30	0	101	0	3	18	1	1
3048	1	29	-27	-30	0	101	1	3	18	1	1
3048	1	30	-30	-30	0	101	1	3	18	1	1
3048	1	31	-3	-30	0	29	0	4	18	1	1
3048	1	32	-6	-30	0	29	0	4	18	1	1
3048	1	33	-9	-30	0	29	0	4	18	1	1
3048	1	34	-12	-30	0	29	0	4	18	1	1
3048	1	35	-15	-30	0	29	0	4	18	1	1
3048	1	36	-18	-30	0	29	0	4	18	1	1
3048	1	37	-21	-30	0	29	0	4	18	1	1
3048	1	38	-24	-30	0	29	1	4	18	1	1
3048	1	39	-27	-30	0	29	1	4	18	1	1
3048	1	40	-30	-30	0	29	1	4	18	1	1
3048	1	41	-3	-30	0	56	0	5	18	1	1
3048	1	42	-6	-30	0	56	0	5	18	1	1
3048	1	43	-9	-30	0	56	0	5	18	1	1
3048	1	44	-12	-30	0	56	0	5	18	1	1
3048	1	45	-15	-30	0	56	1	5	18	1	1
3048	1	46	-18	-30	0	56	0	5	18	1	1
3048	1	47	-21	-30	0	56	1	5	18	1	1
3048	1	48	-24	-30	0	56	1	5	18	1	1
3048	1	49	-27	-30	0	56	1	5	18	1	1
3048	1	50	-30	-30	0	56	1	5	18	1	1
3050	2	1	-3	-30	0	15	0	1	19	1	1
3050	2	2	-6	-30	0	15	1	1	19	1	1
3050	2	3	-9	-30	0	15	1	1	19	1	1
3050	2	4	-12	-30	0	15	1	1	19	1	1
3050	2	5	-15	-30	0	15	1	1	19	1	1
3050	2	6	-18	-30	0	15	1	1	19	1	1
3050	2	7	-21	-30	0	15	1	1	19	1	1
3050	2	8	-24	-30	0	15	1	1	19	1	1
3050	2	9	-27	-30	0	15	1	1	19	1	1
3050	2	10	-30	-30	0	15	1	1	19	1	1
3050	2	11	-3	-30	0	29	0	2	19	1	1
3050	2	12	-6	-30	0	29	1	2	19	1	1
3050	2	13	-9	-30	0	29	1	2	19	1	1
3050	2	14	-12	-30	0	29	1	2	19	1	1
3050	2	15	-15	-30	0	29	1	2	19	1	1
3050	2	16	-18	-30	0	29	1	2	19	1	1
3050	2	17	-21	-30	0	29	1	2	19	1	1
3050	2	18	-24	-30	0	29	1	2	19	1	1
3050	2	19	-27	-30	0	29	1	2	19	1	1
3050	2	20	-30	-30	0	29	1	2	19	1	1
3050	2	21	-3	-30	0	7	0	3	19	1	1
3050	2	22	-6	-30	0	7	0	3	19	1	1
3050	2	23	-9	-30	0	7	0	3	19	1	1
3050	2	24	-12	-30	0	7	0	3	19	1	1
3050	2	25	-15	-30	0	7	0	3	19	1	1
3050	2	26	-18	-30	0	7	0	3	19	1	1
3050	2	27	-21	-30	0	7	0	3	19	1	1
3050	2	28	-24	-30	0	7	0	3	19	1	1
3050	2	29	-27	-30	0	7	0	3	19	1	1
3050	2	30	-30	-30	0	7	1	3	19	1	1
3050	2	31	-3	-30	0	56	1	4	19	1	1
3050	2	32	-6	-30	0	56	1	4	19	1	1
3050	2	33	-9	-30	0	56	1	4	19	1	1
3050	2	34	-12	-30	0	56	1	4	19	1	1
3050	2	35	-15	-30	0	56	1	4	19	1	1
3050	2	36	-18	-30	0	56	1	4	19	1	1
3050	2	37	-21	-30	0	56	1	4	19	1	1
3050	2	38	-24	-30	0	56	1	4	19	1	1
3050	2	39	-27	-30	0	56	1	4	19	1	1
3050	2	40	-30	-30	0	56	1	4	19	1	1
3050	2	41	-3	-30	0	101	1	5	19	1	1
3050	2	42	-6	-30	0	101	1	5	19	1	1
3050	2	43	-9	-30	0	101	1	5	19	1	1
3050	2	44	-12	-30	0	101	1	5	19	1	1
3050	2	45	-15	-30	0	101	1	5	19	1	1
3050	2	46	-18	-30	0	101	1	5	19	1	1
3050	2	47	-21	-30	0	101	1	5	19	1	1
3050	2	48	-24	-30	0	101	1	5	19	1	1
3050	2	49	-27	-30	0	101	1	5	19	1	1
3050	2	50	-30	-30	0	101	1	5	19	1	1
3053	3	1	-3	-30	0	29	1	1	20	1	1
3053	3	2	-6	-30	0	29	0	1	20	1	1
3053	3	3	-9	-30	0	29	1	1	20	1	1
3053	3	4	-12	-30	0	29	0	1	20	1	1
3053	3	5	-15	-30	0	29	1	1	20	1	1
3053	3	6	-18	-30	0	29	1	1	20	1	1
3053	3	7	-21	-30	0	29	0	1	20	1	1
3053	3	8	-24	-30	0	29	0	1	20	1	1
3053	3	9	-27	-30	0	29	1	1	20	1	1
3053	3	10	-30	-30	0	29	1	1	20	1	1
3053	3	11	-3	-30	0	56	0	2	20	1	1
3053	3	12	-6	-30	0	56	0	2	20	1	1
3053	3	13	-9	-30	0	56	0	2	20	1	1
3053	3	14	-12	-30	0	56	1	2	20	1	1
3053	3	15	-15	-30	0	56	1	2	20	1	1
3053	3	16	-18	-30	0	56	1	2	20	1	1
3053	3	17	-21	-30	0	56	1	2	20	1	1
3053	3	18	-24	-30	0	56	1	2	20	1	1
3053	3	19	-27	-30	0	56	0	2	20	1	1
3053	3	20	-30	-30	0	56	1	2	20	1	1
3053	3	21	-3	-30	0	15	0	3	20	1	1
3053	3	22	-6	-30	0	15	0	3	20	1	1
3053	3	23	-9	-30	0	15	0	3	20	1	1
3053	3	24	-12	-30	0	15	0	3	20	1	1
3053	3	25	-15	-30	0	15	1	3	20	1	1
3053	3	26	-18	-30	0	15	1	3	20	1	1
3053	3	27	-21	-30	0	15	1	3	20	1	1
3053	3	28	-24	-30	0	15	1	3	20	1	1
3053	3	29	-27	-30	0	15	1	3	20	1	1
3053	3	30	-30	-30	0	15	1	3	20	1	1
3053	3	31	-3	-30	0	101	0	4	20	1	1
3053	3	32	-6	-30	0	101	0	4	20	1	1
3053	3	33	-9	-30	0	101	0	4	20	1	1
3053	3	34	-12	-30	0	101	0	4	20	1	1
3053	3	35	-15	-30	0	101	1	4	20	1	1
3053	3	36	-18	-30	0	101	1	4	20	1	1
3053	3	37	-21	-30	0	101	1	4	20	1	1
3053	3	38	-24	-30	0	101	1	4	20	1	1
3053	3	39	-27	-30	0	101	1	4	20	1	1
3053	3	40	-30	-30	0	101	1	4	20	1	1
3053	3	41	-3	-30	0	7	0	5	20	1	1
3053	3	42	-6	-30	0	7	0	5	20	1	1
3053	3	43	-9	-30	0	7	0	5	20	1	1
3053	3	44	-12	-30	0	7	0	5	20	1	1
3053	3	45	-15	-30	0	7	1	5	20	1	1
3053	3	46	-18	-30	0	7	1	5	20	1	1
3053	3	47	-21	-30	0	7	0	5	20	1	1
3053	3	48	-24	-30	0	7	1	5	20	1	1
3053	3	49	-27	-30	0	7	1	5	20	1	1
3053	3	50	-30	-30	0	7	1	5	20	1	1
3054	4	1	-30	-30	0	56	1	1	21	1	1
3054	4	2	-27	-30	0	56	1	1	21	1	1
3054	4	3	-24	-30	0	56	0	1	21	1	1
3054	4	4	-21	-30	0	56	0	1	21	1	1
3054	4	5	-18	-30	0	56	0	1	21	1	1
3054	4	6	-15	-30	0	56	0	1	21	1	1
3054	4	7	-12	-30	0	56	0	1	21	1	1
3054	4	8	-9	-30	0	56	0	1	21	1	1
3054	4	9	-6	-30	0	56	0	1	21	1	1
3054	4	10	-3	-30	0	56	0	1	21	1	1
3054	4	11	-30	-30	0	101	1	2	21	1	1
3054	4	12	-27	-30	0	101	1	2	21	1	1
3054	4	13	-24	-30	0	101	1	2	21	1	1
3054	4	14	-21	-30	0	101	1	2	21	1	1
3054	4	15	-18	-30	0	101	0	2	21	1	1
3054	4	16	-15	-30	0	101	0	2	21	1	1
3054	4	17	-12	-30	0	101	0	2	21	1	1
3054	4	18	-9	-30	0	101	0	2	21	1	1
3054	4	19	-6	-30	0	101	0	2	21	1	1
3054	4	20	-3	-30	0	101	0	2	21	1	1
3054	4	21	-30	-30	0	29	1	3	21	1	1
3054	4	22	-27	-30	0	29	1	3	21	1	1
3054	4	23	-24	-30	0	29	1	3	21	1	1
3054	4	24	-21	-30	0	29	0	3	21	1	1
3054	4	25	-18	-30	0	29	1	3	21	1	1
3054	4	26	-15	-30	0	29	0	3	21	1	1
3054	4	27	-12	-30	0	29	0	3	21	1	1
3054	4	28	-9	-30	0	29	0	3	21	1	1
3054	4	29	-6	-30	0	29	0	3	21	1	1
3054	4	30	-3	-30	0	29	0	3	21	1	1
3054	4	31	-30	-30	0	7	1	4	21	1	1
3054	4	32	-27	-30	0	7	1	4	21	1	1
3054	4	33	-24	-30	0	7	1	4	21	1	1
3054	4	34	-21	-30	0	7	0	4	21	1	1
3054	4	35	-18	-30	0	7	0	4	21	1	1
3054	4	36	-15	-30	0	7	0	4	21	1	1
3054	4	37	-12	-30	0	7	0	4	21	1	1
3054	4	38	-9	-30	0	7	0	4	21	1	1
3054	4	39	-6	-30	0	7	0	4	21	1	1
3054	4	40	-3	-30	0	7	0	4	21	1	1
3054	4	41	-30	-30	0	15	1	5	21	1	1
3054	4	42	-27	-30	0	15	1	5	21	1	1
3054	4	43	-24	-30	0	15	1	5	21	1	1
3054	4	44	-21	-30	0	15	1	5	21	1	1
3054	4	45	-18	-30	0	15	0	5	21	1	1
3054	4	46	-15	-30	0	15	1	5	21	1	1
3054	4	47	-12	-30	0	15	1	5	21	1	1
3054	4	48	-9	-30	0	15	1	5	21	1	1
3054	4	49	-6	-30	0	15	1	5	21	1	1
3054	4	50	-3	-30	0	15	0	5	21	1	1
3055	5	1	-3	-30	0	101	0	1	22	1	1
3055	5	2	-6	-30	0	101	0	1	22	1	1
3055	5	3	-9	-30	0	101	1	1	22	1	1
3055	5	4	-12	-30	0	101	0	1	22	1	1
3055	5	5	-15	-30	0	101	1	1	22	1	1
3055	5	6	-18	-30	0	101	0	1	22	1	1
3055	5	7	-21	-30	0	101	1	1	22	1	1
3055	5	8	-24	-30	0	101	1	1	22	1	1
3055	5	9	-27	-30	0	101	1	1	22	1	1
3055	5	10	-30	-30	0	101	1	1	22	1	1
3055	5	11	-3	-30	0	7	0	2	22	1	1
3055	5	12	-6	-30	0	7	0	2	22	1	1
3055	5	13	-9	-30	0	7	0	2	22	1	1
3055	5	14	-12	-30	0	7	0	2	22	1	1
3055	5	15	-15	-30	0	7	0	2	22	1	1
3055	5	16	-18	-30	0	7	0	2	22	1	1
3055	5	17	-21	-30	0	7	0	2	22	1	1
3055	5	18	-24	-30	0	7	0	2	22	1	1
3055	5	19	-27	-30	0	7	1	2	22	1	1
3055	5	20	-30	-30	0	7	1	2	22	1	1
3055	5	21	-3	-30	0	56	0	3	22	1	1
3055	5	22	-6	-30	0	56	1	3	22	1	1
3055	5	23	-9	-30	0	56	0	3	22	1	1
3055	5	24	-12	-30	0	56	0	3	22	1	1
3055	5	25	-15	-30	0	56	1	3	22	1	1
3055	5	26	-18	-30	0	56	1	3	22	1	1
3055	5	27	-21	-30	0	56	0	3	22	1	1
3055	5	28	-24	-30	0	56	1	3	22	1	1
3055	5	29	-27	-30	0	56	1	3	22	1	1
3055	5	30	-30	-30	0	56	1	3	22	1	1
3055	5	31	-3	-30	0	15	0	4	22	1	1
3055	5	32	-6	-30	0	15	0	4	22	1	1
3055	5	33	-9	-30	0	15	0	4	22	1	1
3055	5	34	-12	-30	0	15	0	4	22	1	1
3055	5	35	-15	-30	0	15	0	4	22	1	1
3055	5	36	-18	-30	0	15	0	4	22	1	1
3055	5	37	-21	-30	0	15	0	4	22	1	1
3055	5	38	-24	-30	0	15	1	4	22	1	1
3055	5	39	-27	-30	0	15	0	4	22	1	1
3055	5	40	-30	-30	0	15	0	4	22	1	1
3055	5	41	-3	-30	0	29	0	5	22	1	1
3055	5	42	-6	-30	0	29	1	5	22	1	1
3055	5	43	-9	-30	0	29	0	5	22	1	1
3055	5	44	-12	-30	0	29	0	5	22	1	1
3055	5	45	-15	-30	0	29	0	5	22	1	1
3055	5	46	-18	-30	0	29	0	5	22	1	1
3055	5	47	-21	-30	0	29	0	5	22	1	1
3055	5	48	-24	-30	0	29	0	5	22	1	1
3055	5	49	-27	-30	0	29	0	5	22	1	1
3055	5	50	-30	-30	0	29	1	5	22	1	1
3056	6	1	-3	-30	0	56	0	1	23	1	1
3056	6	2	-6	-30	0	56	1	1	23	1	1
3056	6	3	-9	-30	0	56	1	1	23	1	1
3056	6	4	-12	-30	0	56	1	1	23	1	1
3056	6	5	-15	-30	0	56	1	1	23	1	1
3056	6	6	-18	-30	0	56	1	1	23	1	1
3056	6	7	-21	-30	0	56	1	1	23	1	1
3056	6	8	-24	-30	0	56	0	1	23	1	1
3056	6	9	-27	-30	0	56	0	1	23	1	1
3056	6	10	-30	-30	0	56	1	1	23	1	1
3056	6	11	-3	-30	0	29	1	2	23	1	1
3056	6	12	-6	-30	0	29	1	2	23	1	1
3056	6	13	-9	-30	0	29	1	2	23	1	1
3056	6	14	-12	-30	0	29	0	2	23	1	1
3056	6	15	-15	-30	0	29	0	2	23	1	1
3056	6	16	-18	-30	0	29	1	2	23	1	1
3056	6	17	-21	-30	0	29	0	2	23	1	1
3056	6	18	-24	-30	0	29	0	2	23	1	1
3056	6	19	-27	-30	0	29	0	2	23	1	1
3056	6	20	-30	-30	0	29	0	2	23	1	1
3056	6	21	-3	-30	0	101	1	3	23	1	1
3056	6	22	-6	-30	0	101	1	3	23	1	1
3056	6	23	-9	-30	0	101	1	3	23	1	1
3056	6	24	-12	-30	0	101	0	3	23	1	1
3056	6	25	-15	-30	0	101	0	3	23	1	1
3056	6	26	-18	-30	0	101	0	3	23	1	1
3056	6	27	-21	-30	0	101	0	3	23	1	1
3056	6	28	-24	-30	0	101	1	3	23	1	1
3056	6	29	-27	-30	0	101	1	3	23	1	1
3056	6	30	-30	-30	0	101	1	3	23	1	1
3056	6	31	-3	-30	0	15	1	4	23	1	1
3056	6	32	-6	-30	0	15	0	4	23	1	1
3056	6	33	-9	-30	0	15	0	4	23	1	1
3056	6	34	-12	-30	0	15	0	4	23	1	1
3056	6	35	-15	-30	0	15	0	4	23	1	1
3056	6	36	-18	-30	0	15	0	4	23	1	1
3056	6	37	-21	-30	0	15	0	4	23	1	1
3056	6	38	-24	-30	0	15	0	4	23	1	1
3056	6	39	-27	-30	0	15	1	4	23	1	1
3056	6	40	-30	-30	0	15	1	4	23	1	1
3056	6	41	-3	-30	0	7	0	5	23	1	1
3056	6	42	-6	-30	0	7	0	5	23	1	1
3056	6	43	-9	-30	0	7	0	5	23	1	1
3056	6	44	-12	-30	0	7	0	5	23	1	1
3056	6	45	-15	-30	0	7	0	5	23	1	1
3056	6	46	-18	-30	0	7	0	5	23	1	1
3056	6	47	-21	-30	0	7	0	5	23	1	1
3056	6	48	-24	-30	0	7	0	5	23	1	1
3056	6	49	-27	-30	0	7	1	5	23	1	1
3056	6	50	-30	-30	0	7	1	5	23	1	1
3061	8	1	-30	-30	0	7	1	1	24	1	1
3061	8	2	-27	-30	0	7	0	1	24	1	1
3061	8	3	-24	-30	0	7	0	1	24	1	1
3061	8	4	-21	-30	0	7	0	1	24	1	1
3061	8	5	-18	-30	0	7	1	1	24	1	1
3061	8	6	-15	-30	0	7	0	1	24	1	1
3061	8	7	-12	-30	0	7	0	1	24	1	1
3061	8	8	-9	-30	0	7	0	1	24	1	1
3061	8	9	-6	-30	0	7	0	1	24	1	1
3061	8	10	-3	-30	0	7	1	1	24	1	1
3061	8	11	-30	-30	0	101	0	2	24	1	1
3061	8	12	-27	-30	0	101	0	2	24	1	1
3061	8	13	-24	-30	0	101	1	2	24	1	1
3061	8	14	-21	-30	0	101	0	2	24	1	1
3061	8	15	-18	-30	0	101	1	2	24	1	1
3061	8	16	-15	-30	0	101	1	2	24	1	1
3061	8	17	-12	-30	0	101	0	2	24	1	1
3061	8	18	-9	-30	0	101	0	2	24	1	1
3061	8	19	-6	-30	0	101	0	2	24	1	1
3061	8	20	-3	-30	0	101	0	2	24	1	1
3061	8	21	-30	-30	0	15	1	3	24	1	1
3061	8	22	-27	-30	0	15	0	3	24	1	1
3061	8	23	-24	-30	0	15	1	3	24	1	1
3061	8	24	-21	-30	0	15	1	3	24	1	1
3061	8	25	-18	-30	0	15	0	3	24	1	1
3061	8	26	-15	-30	0	15	0	3	24	1	1
3061	8	27	-12	-30	0	15	0	3	24	1	1
3061	8	28	-9	-30	0	15	0	3	24	1	1
3061	8	29	-6	-30	0	15	0	3	24	1	1
3061	8	30	-3	-30	0	15	0	3	24	1	1
3061	8	31	-30	-30	0	56	1	4	24	1	1
3061	8	32	-27	-30	0	56	1	4	24	1	1
3061	8	33	-24	-30	0	56	1	4	24	1	1
3061	8	34	-21	-30	0	56	1	4	24	1	1
3061	8	35	-18	-30	0	56	0	4	24	1	1
3061	8	36	-15	-30	0	56	0	4	24	1	1
3061	8	37	-12	-30	0	56	0	4	24	1	1
3061	8	38	-9	-30	0	56	1	4	24	1	1
3061	8	39	-6	-30	0	56	0	4	24	1	1
3061	8	40	-3	-30	0	56	0	4	24	1	1
3061	8	41	-30	-30	0	29	1	5	24	1	1
3061	8	42	-27	-30	0	29	0	5	24	1	1
3061	8	43	-24	-30	0	29	0	5	24	1	1
3061	8	44	-21	-30	0	29	0	5	24	1	1
3061	8	45	-18	-30	0	29	1	5	24	1	1
3061	8	46	-15	-30	0	29	1	5	24	1	1
3061	8	47	-12	-30	0	29	1	5	24	1	1
3061	8	48	-9	-30	0	29	0	5	24	1	1
3061	8	49	-6	-30	0	29	0	5	24	1	1
3061	8	50	-3	-30	0	29	0	5	24	1	1
3062	9	1	-3	-30	0	15	0	1	25	1	1
3062	9	2	-6	-30	0	15	0	1	25	1	1
3062	9	3	-9	-30	0	15	0	1	25	1	1
3062	9	4	-12	-30	0	15	0	1	25	1	1
3062	9	5	-15	-30	0	15	0	1	25	1	1
3062	9	6	-18	-30	0	15	1	1	25	1	1
3062	9	7	-21	-30	0	15	0	1	25	1	1
3062	9	8	-24	-30	0	15	1	1	25	1	1
3062	9	9	-27	-30	0	15	1	1	25	1	1
3062	9	10	-30	-30	0	15	1	1	25	1	1
3062	9	11	-3	-30	0	7	0	2	25	1	1
3062	9	12	-6	-30	0	7	0	2	25	1	1
3062	9	13	-9	-30	0	7	0	2	25	1	1
3062	9	14	-12	-30	0	7	0	2	25	1	1
3062	9	15	-15	-30	0	7	0	2	25	1	1
3062	9	16	-18	-30	0	7	0	2	25	1	1
3062	9	17	-21	-30	0	7	0	2	25	1	1
3062	9	18	-24	-30	0	7	0	2	25	1	1
3062	9	19	-27	-30	0	7	1	2	25	1	1
3062	9	20	-30	-30	0	7	1	2	25	1	1
3062	9	21	-3	-30	0	29	0	3	25	1	1
3062	9	22	-6	-30	0	29	0	3	25	1	1
3062	9	23	-9	-30	0	29	0	3	25	1	1
3062	9	24	-12	-30	0	29	1	3	25	1	1
3062	9	25	-15	-30	0	29	1	3	25	1	1
3062	9	26	-18	-30	0	29	1	3	25	1	1
3062	9	27	-21	-30	0	29	1	3	25	1	1
3062	9	28	-24	-30	0	29	1	3	25	1	1
3062	9	29	-27	-30	0	29	1	3	25	1	1
3062	9	30	-30	-30	0	29	1	3	25	1	1
3062	9	31	-3	-30	0	101	1	4	25	1	1
3062	9	32	-6	-30	0	101	1	4	25	1	1
3062	9	33	-9	-30	0	101	1	4	25	1	1
3062	9	34	-12	-30	0	101	1	4	25	1	1
3062	9	35	-15	-30	0	101	1	4	25	1	1
3062	9	36	-18	-30	0	101	1	4	25	1	1
3062	9	37	-21	-30	0	101	1	4	25	1	1
3062	9	38	-24	-30	0	101	1	4	25	1	1
3062	9	39	-27	-30	0	101	1	4	25	1	1
3062	9	40	-30	-30	0	101	1	4	25	1	1
3062	9	41	-3	-30	0	56	0	5	25	1	1
3062	9	42	-6	-30	0	56	0	5	25	1	1
3062	9	43	-9	-30	0	56	0	5	25	1	1
3062	9	44	-12	-30	0	56	0	5	25	1	1
3062	9	45	-15	-30	0	56	0	5	25	1	1
3062	9	46	-18	-30	0	56	0	5	25	1	1
3062	9	47	-21	-30	0	56	1	5	25	1	1
3062	9	48	-24	-30	0	56	1	5	25	1	1
3062	9	49	-27	-30	0	56	1	5	25	1	1
3062	9	50	-30	-30	0	56	1	5	25	1	1
3070	10	1	-30	-30	0	29	0	1	26	1	1
3070	10	2	-27	-30	0	29	0	1	26	1	1
3070	10	3	-24	-30	0	29	1	1	26	1	1
3070	10	4	-21	-30	0	29	0	1	26	1	1
3070	10	5	-18	-30	0	29	1	1	26	1	1
3070	10	6	-15	-30	0	29	0	1	26	1	1
3070	10	7	-12	-30	0	29	0	1	26	1	1
3070	10	8	-9	-30	0	29	0	1	26	1	1
3070	10	9	-6	-30	0	29	0	1	26	1	1
3070	10	10	-3	-30	0	29	0	1	26	1	1
3070	10	11	-30	-30	0	15	1	2	26	1	1
3070	10	12	-27	-30	0	15	0	2	26	1	1
3070	10	13	-24	-30	0	15	0	2	26	1	1
3070	10	14	-21	-30	0	15	0	2	26	1	1
3070	10	15	-18	-30	0	15	0	2	26	1	1
3070	10	16	-15	-30	0	15	0	2	26	1	1
3070	10	17	-12	-30	0	15	0	2	26	1	1
3070	10	18	-9	-30	0	15	1	2	26	1	1
3070	10	19	-6	-30	0	15	0	2	26	1	1
3070	10	20	-3	-30	0	15	0	2	26	1	1
3070	10	21	-30	-30	0	56	1	3	26	1	1
3070	10	22	-27	-30	0	56	0	3	26	1	1
3070	10	23	-24	-30	0	56	0	3	26	1	1
3070	10	24	-21	-30	0	56	0	3	26	1	1
3070	10	25	-18	-30	0	56	0	3	26	1	1
3070	10	26	-15	-30	0	56	0	3	26	1	1
3070	10	27	-12	-30	0	56	0	3	26	1	1
3070	10	28	-9	-30	0	56	0	3	26	1	1
3070	10	29	-6	-30	0	56	0	3	26	1	1
3070	10	30	-3	-30	0	56	0	3	26	1	1
3070	10	31	-30	-30	0	7	0	4	26	1	1
3070	10	32	-27	-30	0	7	1	4	26	1	1
3070	10	33	-24	-30	0	7	0	4	26	1	1
3070	10	34	-21	-30	0	7	0	4	26	1	1
3070	10	35	-18	-30	0	7	1	4	26	1	1
3070	10	36	-15	-30	0	7	1	4	26	1	1
3070	10	37	-12	-30	0	7	0	4	26	1	1
3070	10	38	-9	-30	0	7	0	4	26	1	1
3070	10	39	-6	-30	0	7	0	4	26	1	1
3070	10	40	-3	-30	0	7	0	4	26	1	1
3070	10	41	-30	-30	0	101	0	5	26	1	1
3070	10	42	-27	-30	0	101	1	5	26	1	1
3070	10	43	-24	-30	0	101	0	5	26	1	1
3070	10	44	-21	-30	0	101	0	5	26	1	1
3070	10	45	-18	-30	0	101	1	5	26	1	1
3070	10	46	-15	-30	0	101	0	5	26	1	1
3070	10	47	-12	-30	0	101	0	5	26	1	1
3070	10	48	-9	-30	0	101	1	5	26	1	1
3070	10	49	-6	-30	0	101	0	5	26	1	1
3070	10	50	-3	-30	0	101	0	5	26	1	1
3071	1	1	-3	-30	0	7	0	1	27	1	1
3071	1	2	-6	-30	0	7	0	1	27	1	1
3071	1	3	-9	-30	0	7	0	1	27	1	1
3071	1	4	-12	-30	0	7	0	1	27	1	1
3071	1	5	-15	-30	0	7	0	1	27	1	1
3071	1	6	-18	-30	0	7	0	1	27	1	1
3071	1	7	-21	-30	0	7	1	1	27	1	1
3071	1	8	-24	-30	0	7	1	1	27	1	1
3071	1	9	-27	-30	0	7	1	1	27	1	1
3071	1	10	-30	-30	0	7	1	1	27	1	1
3071	1	11	-3	-30	0	15	0	2	27	1	1
3071	1	12	-6	-30	0	15	0	2	27	1	1
3071	1	13	-9	-30	0	15	0	2	27	1	1
3071	1	14	-12	-30	0	15	0	2	27	1	1
3071	1	15	-15	-30	0	15	0	2	27	1	1
3071	1	16	-18	-30	0	15	0	2	27	1	1
3071	1	17	-21	-30	0	15	0	2	27	1	1
3071	1	18	-24	-30	0	15	0	2	27	1	1
3071	1	19	-27	-30	0	15	1	2	27	1	1
3071	1	20	-30	-30	0	15	1	2	27	1	1
3071	1	21	-3	-30	0	101	0	3	27	1	1
3071	1	22	-6	-30	0	101	0	3	27	1	1
3071	1	23	-9	-30	0	101	0	3	27	1	1
3071	1	24	-12	-30	0	101	1	3	27	1	1
3071	1	25	-15	-30	0	101	0	3	27	1	1
3071	1	26	-18	-30	0	101	0	3	27	1	1
3071	1	27	-21	-30	0	101	0	3	27	1	1
3071	1	28	-24	-30	0	101	1	3	27	1	1
3071	1	29	-27	-30	0	101	1	3	27	1	1
3071	1	30	-30	-30	0	101	1	3	27	1	1
3071	1	31	-3	-30	0	29	0	4	27	1	1
3071	1	32	-6	-30	0	29	0	4	27	1	1
3071	1	33	-9	-30	0	29	0	4	27	1	1
3071	1	34	-12	-30	0	29	0	4	27	1	1
3071	1	35	-15	-30	0	29	0	4	27	1	1
3071	1	36	-18	-30	0	29	0	4	27	1	1
3071	1	37	-21	-30	0	29	0	4	27	1	1
3071	1	38	-24	-30	0	29	0	4	27	1	1
3071	1	39	-27	-30	0	29	1	4	27	1	1
3071	1	40	-30	-30	0	29	1	4	27	1	1
3071	1	41	-3	-30	0	56	0	5	27	1	1
3071	1	42	-6	-30	0	56	0	5	27	1	1
3071	1	43	-9	-30	0	56	0	5	27	1	1
3071	1	44	-12	-30	0	56	0	5	27	1	1
3071	1	45	-15	-30	0	56	0	5	27	1	1
3071	1	46	-18	-30	0	56	0	5	27	1	1
3071	1	47	-21	-30	0	56	1	5	27	1	1
3071	1	48	-24	-30	0	56	1	5	27	1	1
3071	1	49	-27	-30	0	56	1	5	27	1	1
3071	1	50	-30	-30	0	56	1	5	27	1	1
3072	2	1	-30	-30	0	15	1	1	28	1	1
3072	2	2	-27	-30	0	15	1	1	28	1	1
3072	2	3	-24	-30	0	15	0	1	28	1	1
3072	2	4	-21	-30	0	15	0	1	28	1	1
3072	2	5	-18	-30	0	15	0	1	28	1	1
3072	2	6	-15	-30	0	15	0	1	28	1	1
3072	2	7	-12	-30	0	15	0	1	28	1	1
3072	2	8	-9	-30	0	15	0	1	28	1	1
3072	2	9	-6	-30	0	15	0	1	28	1	1
3072	2	10	-3	-30	0	15	0	1	28	1	1
3072	2	11	-30	-30	0	29	1	2	28	1	1
3072	2	12	-27	-30	0	29	1	2	28	1	1
3072	2	13	-24	-30	0	29	1	2	28	1	1
3072	2	14	-21	-30	0	29	1	2	28	1	1
3072	2	15	-18	-30	0	29	1	2	28	1	1
3072	2	16	-15	-30	0	29	0	2	28	1	1
3072	2	17	-12	-30	0	29	1	2	28	1	1
3072	2	18	-9	-30	0	29	0	2	28	1	1
3072	2	19	-6	-30	0	29	0	2	28	1	1
3072	2	20	-3	-30	0	29	0	2	28	1	1
3072	2	21	-30	-30	0	7	1	3	28	1	1
3072	2	22	-27	-30	0	7	1	3	28	1	1
3072	2	23	-24	-30	0	7	1	3	28	1	1
3072	2	24	-21	-30	0	7	1	3	28	1	1
3072	2	25	-18	-30	0	7	1	3	28	1	1
3072	2	26	-15	-30	0	7	1	3	28	1	1
3072	2	27	-12	-30	0	7	0	3	28	1	1
3072	2	28	-9	-30	0	7	0	3	28	1	1
3072	2	29	-6	-30	0	7	0	3	28	1	1
3072	2	30	-3	-30	0	7	0	3	28	1	1
3072	2	31	-30	-30	0	56	1	4	28	1	1
3072	2	32	-27	-30	0	56	1	4	28	1	1
3072	2	33	-24	-30	0	56	1	4	28	1	1
3072	2	34	-21	-30	0	56	1	4	28	1	1
3072	2	35	-18	-30	0	56	1	4	28	1	1
3072	2	36	-15	-30	0	56	1	4	28	1	1
3072	2	37	-12	-30	0	56	1	4	28	1	1
3072	2	38	-9	-30	0	56	0	4	28	1	1
3072	2	39	-6	-30	0	56	0	4	28	1	1
3072	2	40	-3	-30	0	56	0	4	28	1	1
3072	2	41	-30	-30	0	101	1	5	28	1	1
3072	2	42	-27	-30	0	101	1	5	28	1	1
3072	2	43	-24	-30	0	101	1	5	28	1	1
3072	2	44	-21	-30	0	101	1	5	28	1	1
3072	2	45	-18	-30	0	101	1	5	28	1	1
3072	2	46	-15	-30	0	101	1	5	28	1	1
3072	2	47	-12	-30	0	101	1	5	28	1	1
3072	2	48	-9	-30	0	101	1	5	28	1	1
3072	2	49	-6	-30	0	101	0	5	28	1	1
3072	2	50	-3	-30	0	101	0	5	28	1	1
3073	3	1	-3	-30	0	29	0	1	29	1	1
3073	3	2	-6	-30	0	29	0	1	29	1	1
3073	3	3	-9	-30	0	29	0	1	29	1	1
3073	3	4	-12	-30	0	29	0	1	29	1	1
3073	3	5	-15	-30	0	29	0	1	29	1	1
3073	3	6	-18	-30	0	29	0	1	29	1	1
3073	3	7	-21	-30	0	29	0	1	29	1	1
3073	3	8	-24	-30	0	29	0	1	29	1	1
3073	3	9	-27	-30	0	29	0	1	29	1	1
3073	3	10	-30	-30	0	29	1	1	29	1	1
3073	3	11	-3	-30	0	56	1	2	29	1	1
3073	3	12	-6	-30	0	56	0	2	29	1	1
3073	3	13	-9	-30	0	56	1	2	29	1	1
3073	3	14	-12	-30	0	56	0	2	29	1	1
3073	3	15	-15	-30	0	56	0	2	29	1	1
3073	3	16	-18	-30	0	56	0	2	29	1	1
3073	3	17	-21	-30	0	56	0	2	29	1	1
3073	3	18	-24	-30	0	56	0	2	29	1	1
3073	3	19	-27	-30	0	56	0	2	29	1	1
3073	3	20	-30	-30	0	56	1	2	29	1	1
3073	3	21	-3	-30	0	15	0	3	29	1	1
3073	3	22	-6	-30	0	15	0	3	29	1	1
3073	3	23	-9	-30	0	15	0	3	29	1	1
3073	3	24	-12	-30	0	15	0	3	29	1	1
3073	3	25	-15	-30	0	15	0	3	29	1	1
3073	3	26	-18	-30	0	15	0	3	29	1	1
3073	3	27	-21	-30	0	15	0	3	29	1	1
3073	3	28	-24	-30	0	15	0	3	29	1	1
3073	3	29	-27	-30	0	15	0	3	29	1	1
3073	3	30	-30	-30	0	15	1	3	29	1	1
3073	3	31	-3	-30	0	101	0	4	29	1	1
3073	3	32	-6	-30	0	101	0	4	29	1	1
3073	3	33	-9	-30	0	101	0	4	29	1	1
3073	3	34	-12	-30	0	101	0	4	29	1	1
3073	3	35	-15	-30	0	101	0	4	29	1	1
3073	3	36	-18	-30	0	101	0	4	29	1	1
3073	3	37	-21	-30	0	101	0	4	29	1	1
3073	3	38	-24	-30	0	101	0	4	29	1	1
3073	3	39	-27	-30	0	101	0	4	29	1	1
3073	3	40	-30	-30	0	101	1	4	29	1	1
3073	3	41	-3	-30	0	7	0	5	29	1	1
3073	3	42	-6	-30	0	7	0	5	29	1	1
3073	3	43	-9	-30	0	7	0	5	29	1	1
3073	3	44	-12	-30	0	7	0	5	29	1	1
3073	3	45	-15	-30	0	7	0	5	29	1	1
3073	3	46	-18	-30	0	7	0	5	29	1	1
3073	3	47	-21	-30	0	7	0	5	29	1	1
3073	3	48	-24	-30	0	7	0	5	29	1	1
3073	3	49	-27	-30	0	7	0	5	29	1	1
3073	3	50	-30	-30	0	7	1	5	29	1	1
3075	4	1	-3	-30	0	56	0	1	30	1	1
3075	4	2	-6	-30	0	56	1	1	30	1	1
3075	4	3	-9	-30	0	56	0	1	30	1	1
3075	4	4	-12	-30	0	56	1	1	30	1	1
3075	4	5	-15	-30	0	56	0	1	30	1	1
3075	4	6	-18	-30	0	56	1	1	30	1	1
3075	4	7	-21	-30	0	56	0	1	30	1	1
3075	4	8	-24	-30	0	56	0	1	30	1	1
3075	4	9	-27	-30	0	56	1	1	30	1	1
3075	4	10	-30	-30	0	56	1	1	30	1	1
3075	4	11	-3	-30	0	101	0	2	30	1	1
3075	4	12	-6	-30	0	101	0	2	30	1	1
3075	4	13	-9	-30	0	101	0	2	30	1	1
3075	4	14	-12	-30	0	101	0	2	30	1	1
3075	4	15	-15	-30	0	101	0	2	30	1	1
3075	4	16	-18	-30	0	101	0	2	30	1	1
3075	4	17	-21	-30	0	101	0	2	30	1	1
3075	4	18	-24	-30	0	101	1	2	30	1	1
3075	4	19	-27	-30	0	101	1	2	30	1	1
3075	4	20	-30	-30	0	101	1	2	30	1	1
3075	4	21	-3	-30	0	29	0	3	30	1	1
3075	4	22	-6	-30	0	29	0	3	30	1	1
3075	4	23	-9	-30	0	29	0	3	30	1	1
3075	4	24	-12	-30	0	29	0	3	30	1	1
3075	4	25	-15	-30	0	29	0	3	30	1	1
3075	4	26	-18	-30	0	29	0	3	30	1	1
3075	4	27	-21	-30	0	29	0	3	30	1	1
3075	4	28	-24	-30	0	29	0	3	30	1	1
3075	4	29	-27	-30	0	29	0	3	30	1	1
3075	4	30	-30	-30	0	29	1	3	30	1	1
3075	4	31	-3	-30	0	7	0	4	30	1	1
3075	4	32	-6	-30	0	7	0	4	30	1	1
3075	4	33	-9	-30	0	7	0	4	30	1	1
3075	4	34	-12	-30	0	7	0	4	30	1	1
3075	4	35	-15	-30	0	7	0	4	30	1	1
3075	4	36	-18	-30	0	7	0	4	30	1	1
3075	4	37	-21	-30	0	7	0	4	30	1	1
3075	4	38	-24	-30	0	7	0	4	30	1	1
3075	4	39	-27	-30	0	7	0	4	30	1	1
3075	4	40	-30	-30	0	7	1	4	30	1	1
3075	4	41	-3	-30	0	15	1	5	30	1	1
3075	4	42	-6	-30	0	15	0	5	30	1	1
3075	4	43	-9	-30	0	15	0	5	30	1	1
3075	4	44	-12	-30	0	15	0	5	30	1	1
3075	4	45	-15	-30	0	15	0	5	30	1	1
3075	4	46	-18	-30	0	15	0	5	30	1	1
3075	4	47	-21	-30	0	15	0	5	30	1	1
3075	4	48	-24	-30	0	15	0	5	30	1	1
3075	4	49	-27	-30	0	15	0	5	30	1	1
3075	4	50	-30	-30	0	15	1	5	30	1	1
3081	5	1	-3	-30	0	101	0	1	31	1	1
3081	5	2	-6	-30	0	101	0	1	31	1	1
3081	5	3	-9	-30	0	101	0	1	31	1	1
3081	5	4	-12	-30	0	101	1	1	31	1	1
3081	5	5	-15	-30	0	101	0	1	31	1	1
3081	5	6	-18	-30	0	101	0	1	31	1	1
3081	5	7	-21	-30	0	101	1	1	31	1	1
3081	5	8	-24	-30	0	101	1	1	31	1	1
3081	5	9	-27	-30	0	101	1	1	31	1	1
3081	5	10	-30	-30	0	101	1	1	31	1	1
3081	5	11	-3	-30	0	7	0	2	31	1	1
3081	5	12	-6	-30	0	7	0	2	31	1	1
3081	5	13	-9	-30	0	7	0	2	31	1	1
3081	5	14	-12	-30	0	7	0	2	31	1	1
3081	5	15	-15	-30	0	7	0	2	31	1	1
3081	5	16	-18	-30	0	7	0	2	31	1	1
3081	5	17	-21	-30	0	7	0	2	31	1	1
3081	5	18	-24	-30	0	7	0	2	31	1	1
3081	5	19	-27	-30	0	7	0	2	31	1	1
3081	5	20	-30	-30	0	7	1	2	31	1	1
3081	5	21	-3	-30	0	56	0	3	31	1	1
3081	5	22	-6	-30	0	56	0	3	31	1	1
3081	5	23	-9	-30	0	56	0	3	31	1	1
3081	5	24	-12	-30	0	56	0	3	31	1	1
3081	5	25	-15	-30	0	56	0	3	31	1	1
3081	5	26	-18	-30	0	56	1	3	31	1	1
3081	5	27	-21	-30	0	56	1	3	31	1	1
3081	5	28	-24	-30	0	56	1	3	31	1	1
3081	5	29	-27	-30	0	56	1	3	31	1	1
3081	5	30	-30	-30	0	56	1	3	31	1	1
3081	5	31	-3	-30	0	15	0	4	31	1	1
3081	5	32	-6	-30	0	15	0	4	31	1	1
3081	5	33	-9	-30	0	15	0	4	31	1	1
3081	5	34	-12	-30	0	15	0	4	31	1	1
3081	5	35	-15	-30	0	15	0	4	31	1	1
3081	5	36	-18	-30	0	15	0	4	31	1	1
3081	5	37	-21	-30	0	15	0	4	31	1	1
3081	5	38	-24	-30	0	15	0	4	31	1	1
3081	5	39	-27	-30	0	15	1	4	31	1	1
3081	5	40	-30	-30	0	15	1	4	31	1	1
3081	5	41	-3	-30	0	29	0	5	31	1	1
3081	5	42	-6	-30	0	29	0	5	31	1	1
3081	5	43	-9	-30	0	29	0	5	31	1	1
3081	5	44	-12	-30	0	29	0	5	31	1	1
3081	5	45	-15	-30	0	29	0	5	31	1	1
3081	5	46	-18	-30	0	29	0	5	31	1	1
3081	5	47	-21	-30	0	29	0	5	31	1	1
3081	5	48	-24	-30	0	29	0	5	31	1	1
3081	5	49	-27	-30	0	29	1	5	31	1	1
3081	5	50	-30	-30	0	29	1	5	31	1	1
3082	6	1	-3	-30	0	56	1	1	32	1	1
3082	6	2	-6	-30	0	56	0	1	32	1	1
3082	6	3	-9	-30	0	56	1	1	32	1	1
3082	6	4	-12	-30	0	56	0	1	32	1	1
3082	6	5	-15	-30	0	56	1	1	32	1	1
3082	6	6	-18	-30	0	56	0	1	32	1	1
3082	6	7	-21	-30	0	56	1	1	32	1	1
3082	6	8	-24	-30	0	56	1	1	32	1	1
3082	6	9	-27	-30	0	56	0	1	32	1	1
3082	6	10	-30	-30	0	56	1	1	32	1	1
3082	6	11	-3	-30	0	29	0	2	32	1	1
3082	6	12	-6	-30	0	29	0	2	32	1	1
3082	6	13	-9	-30	0	29	0	2	32	1	1
3082	6	14	-12	-30	0	29	0	2	32	1	1
3082	6	15	-15	-30	0	29	1	2	32	1	1
3082	6	16	-18	-30	0	29	0	2	32	1	1
3082	6	17	-21	-30	0	29	1	2	32	1	1
3082	6	18	-24	-30	0	29	1	2	32	1	1
3082	6	19	-27	-30	0	29	1	2	32	1	1
3082	6	20	-30	-30	0	29	1	2	32	1	1
3082	6	21	-3	-30	0	101	0	3	32	1	1
3082	6	22	-6	-30	0	101	0	3	32	1	1
3082	6	23	-9	-30	0	101	0	3	32	1	1
3082	6	24	-12	-30	0	101	0	3	32	1	1
3082	6	25	-15	-30	0	101	0	3	32	1	1
3082	6	26	-18	-30	0	101	1	3	32	1	1
3082	6	27	-21	-30	0	101	1	3	32	1	1
3082	6	28	-24	-30	0	101	0	3	32	1	1
3082	6	29	-27	-30	0	101	1	3	32	1	1
3082	6	30	-30	-30	0	101	1	3	32	1	1
3082	6	31	-3	-30	0	15	0	4	32	1	1
3082	6	32	-6	-30	0	15	0	4	32	1	1
3082	6	33	-9	-30	0	15	0	4	32	1	1
3082	6	34	-12	-30	0	15	0	4	32	1	1
3082	6	35	-15	-30	0	15	0	4	32	1	1
3082	6	36	-18	-30	0	15	0	4	32	1	1
3082	6	37	-21	-30	0	15	0	4	32	1	1
3082	6	38	-24	-30	0	15	0	4	32	1	1
3082	6	39	-27	-30	0	15	0	4	32	1	1
3082	6	40	-30	-30	0	15	1	4	32	1	1
3082	6	41	-3	-30	0	7	0	5	32	1	1
3082	6	42	-6	-30	0	7	0	5	32	1	1
3082	6	43	-9	-30	0	7	0	5	32	1	1
3082	6	44	-12	-30	0	7	0	5	32	1	1
3082	6	45	-15	-30	0	7	0	5	32	1	1
3082	6	46	-18	-30	0	7	0	5	32	1	1
3082	6	47	-21	-30	0	7	0	5	32	1	1
3082	6	48	-24	-30	0	7	0	5	32	1	1
3082	6	49	-27	-30	0	7	0	5	32	1	1
3082	6	50	-30	-30	0	7	1	5	32	1	1
3085	7	1	-30	-30	0	101	0	1	33	1	1
3085	7	2	-27	-30	0	101	1	1	33	1	1
3085	7	3	-24	-30	0	101	0	1	33	1	1
3085	7	4	-21	-30	0	101	0	1	33	1	1
3085	7	5	-18	-30	0	101	0	1	33	1	1
3085	7	6	-15	-30	0	101	1	1	33	1	1
3085	7	7	-12	-30	0	101	0	1	33	1	1
3085	7	8	-9	-30	0	101	0	1	33	1	1
3085	7	9	-6	-30	0	101	0	1	33	1	1
3085	7	10	-3	-30	0	101	0	1	33	1	1
3085	7	11	-30	-30	0	56	1	2	33	1	1
3085	7	12	-27	-30	0	56	0	2	33	1	1
3085	7	13	-24	-30	0	56	0	2	33	1	1
3085	7	14	-21	-30	0	56	0	2	33	1	1
3085	7	15	-18	-30	0	56	0	2	33	1	1
3085	7	16	-15	-30	0	56	0	2	33	1	1
3085	7	17	-12	-30	0	56	0	2	33	1	1
3085	7	18	-9	-30	0	56	0	2	33	1	1
3085	7	19	-6	-30	0	56	0	2	33	1	1
3085	7	20	-3	-30	0	56	0	2	33	1	1
3085	7	21	-30	-30	0	7	1	3	33	1	1
3085	7	22	-27	-30	0	7	1	3	33	1	1
3085	7	23	-24	-30	0	7	0	3	33	1	1
3085	7	24	-21	-30	0	7	0	3	33	1	1
3085	7	25	-18	-30	0	7	0	3	33	1	1
3085	7	26	-15	-30	0	7	0	3	33	1	1
3085	7	27	-12	-30	0	7	0	3	33	1	1
3085	7	28	-9	-30	0	7	0	3	33	1	1
3085	7	29	-6	-30	0	7	0	3	33	1	1
3085	7	30	-3	-30	0	7	1	3	33	1	1
3085	7	31	-30	-30	0	29	0	4	33	1	1
3085	7	32	-27	-30	0	29	0	4	33	1	1
3085	7	33	-24	-30	0	29	0	4	33	1	1
3085	7	34	-21	-30	0	29	0	4	33	1	1
3085	7	35	-18	-30	0	29	0	4	33	1	1
3085	7	36	-15	-30	0	29	0	4	33	1	1
3085	7	37	-12	-30	0	29	0	4	33	1	1
3085	7	38	-9	-30	0	29	0	4	33	1	1
3085	7	39	-6	-30	0	29	0	4	33	1	1
3085	7	40	-3	-30	0	29	0	4	33	1	1
3085	7	41	-30	-30	0	15	1	5	33	1	1
3085	7	42	-27	-30	0	15	0	5	33	1	1
3085	7	43	-24	-30	0	15	0	5	33	1	1
3085	7	44	-21	-30	0	15	0	5	33	1	1
3085	7	45	-18	-30	0	15	0	5	33	1	1
3085	7	46	-15	-30	0	15	0	5	33	1	1
3085	7	47	-12	-30	0	15	0	5	33	1	1
3085	7	48	-9	-30	0	15	0	5	33	1	1
3085	7	49	-6	-30	0	15	0	5	33	1	1
3085	7	50	-3	-30	0	15	0	5	33	1	1
3087	8	1	-30	-30	0	7	1	1	34	1	1
3087	8	2	-27	-30	0	7	1	1	34	1	1
3087	8	3	-24	-30	0	7	0	1	34	1	1
3087	8	4	-21	-30	0	7	0	1	34	1	1
3087	8	5	-18	-30	0	7	0	1	34	1	1
3087	8	6	-15	-30	0	7	0	1	34	1	1
3087	8	7	-12	-30	0	7	0	1	34	1	1
3087	8	8	-9	-30	0	7	0	1	34	1	1
3087	8	9	-6	-30	0	7	0	1	34	1	1
3087	8	10	-3	-30	0	7	0	1	34	1	1
3087	8	11	-30	-30	0	101	1	2	34	1	1
3087	8	12	-27	-30	0	101	1	2	34	1	1
3087	8	13	-24	-30	0	101	1	2	34	1	1
3087	8	14	-21	-30	0	101	1	2	34	1	1
3087	8	15	-18	-30	0	101	0	2	34	1	1
3087	8	16	-15	-30	0	101	0	2	34	1	1
3087	8	17	-12	-30	0	101	0	2	34	1	1
3087	8	18	-9	-30	0	101	0	2	34	1	1
3087	8	19	-6	-30	0	101	0	2	34	1	1
3087	8	20	-3	-30	0	101	0	2	34	1	1
3087	8	21	-30	-30	0	15	1	3	34	1	1
3087	8	22	-27	-30	0	15	1	3	34	1	1
3087	8	23	-24	-30	0	15	0	3	34	1	1
3087	8	24	-21	-30	0	15	0	3	34	1	1
3087	8	25	-18	-30	0	15	0	3	34	1	1
3087	8	26	-15	-30	0	15	0	3	34	1	1
3087	8	27	-12	-30	0	15	0	3	34	1	1
3087	8	28	-9	-30	0	15	0	3	34	1	1
3087	8	29	-6	-30	0	15	0	3	34	1	1
3087	8	30	-3	-30	0	15	0	3	34	1	1
3087	8	31	-30	-30	0	56	1	4	34	1	1
3087	8	32	-27	-30	0	56	1	4	34	1	1
3087	8	33	-24	-30	0	56	1	4	34	1	1
3087	8	34	-21	-30	0	56	1	4	34	1	1
3087	8	35	-18	-30	0	56	0	4	34	1	1
3087	8	36	-15	-30	0	56	0	4	34	1	1
3087	8	37	-12	-30	0	56	0	4	34	1	1
3087	8	38	-9	-30	0	56	0	4	34	1	1
3087	8	39	-6	-30	0	56	0	4	34	1	1
3087	8	40	-3	-30	0	56	0	4	34	1	1
3087	8	41	-30	-30	0	29	1	5	34	1	1
3087	8	42	-27	-30	0	29	1	5	34	1	1
3087	8	43	-24	-30	0	29	1	5	34	1	1
3087	8	44	-21	-30	0	29	1	5	34	1	1
3087	8	45	-18	-30	0	29	0	5	34	1	1
3087	8	46	-15	-30	0	29	0	5	34	1	1
3087	8	47	-12	-30	0	29	0	5	34	1	1
3087	8	48	-9	-30	0	29	0	5	34	1	1
3087	8	49	-6	-30	0	29	0	5	34	1	1
3087	8	50	-3	-30	0	29	0	5	34	1	1
3093	10	1	-30	-30	0	29	1	1	35	1	1
3093	10	2	-27	-30	0	29	1	1	35	1	1
3093	10	3	-24	-30	0	29	0	1	35	1	1
3093	10	4	-21	-30	0	29	0	1	35	1	1
3093	10	5	-18	-30	0	29	0	1	35	1	1
3093	10	6	-15	-30	0	29	0	1	35	1	1
3093	10	7	-12	-30	0	29	0	1	35	1	1
3093	10	8	-9	-30	0	29	0	1	35	1	1
3093	10	9	-6	-30	0	29	0	1	35	1	1
3093	10	10	-3	-30	0	29	0	1	35	1	1
3093	10	11	-30	-30	0	15	1	2	35	1	1
3093	10	12	-27	-30	0	15	0	2	35	1	1
3093	10	13	-24	-30	0	15	0	2	35	1	1
3093	10	14	-21	-30	0	15	0	2	35	1	1
3093	10	15	-18	-30	0	15	0	2	35	1	1
3093	10	16	-15	-30	0	15	0	2	35	1	1
3093	10	17	-12	-30	0	15	0	2	35	1	1
3093	10	18	-9	-30	0	15	0	2	35	1	1
3093	10	19	-6	-30	0	15	0	2	35	1	1
3093	10	20	-3	-30	0	15	0	2	35	1	1
3093	10	21	-30	-30	0	56	1	3	35	1	1
3093	10	22	-27	-30	0	56	1	3	35	1	1
3093	10	23	-24	-30	0	56	0	3	35	1	1
3093	10	24	-21	-30	0	56	0	3	35	1	1
3093	10	25	-18	-30	0	56	0	3	35	1	1
3093	10	26	-15	-30	0	56	0	3	35	1	1
3093	10	27	-12	-30	0	56	0	3	35	1	1
3093	10	28	-9	-30	0	56	0	3	35	1	1
3093	10	29	-6	-30	0	56	1	3	35	1	1
3093	10	30	-3	-30	0	56	0	3	35	1	1
3093	10	31	-30	-30	0	7	1	4	35	1	1
3093	10	32	-27	-30	0	7	0	4	35	1	1
3093	10	33	-24	-30	0	7	0	4	35	1	1
3093	10	34	-21	-30	0	7	0	4	35	1	1
3093	10	35	-18	-30	0	7	0	4	35	1	1
3093	10	36	-15	-30	0	7	0	4	35	1	1
3093	10	37	-12	-30	0	7	0	4	35	1	1
3093	10	38	-9	-30	0	7	0	4	35	1	1
3093	10	39	-6	-30	0	7	0	4	35	1	1
3093	10	40	-3	-30	0	7	0	4	35	1	1
3093	10	41	-30	-30	0	101	1	5	35	1	1
3093	10	42	-27	-30	0	101	1	5	35	1	1
3093	10	43	-24	-30	0	101	1	5	35	1	1
3093	10	44	-21	-30	0	101	1	5	35	1	1
3093	10	45	-18	-30	0	101	1	5	35	1	1
3093	10	46	-15	-30	0	101	0	5	35	1	1
3093	10	47	-12	-30	0	101	1	5	35	1	1
3093	10	48	-9	-30	0	101	0	5	35	1	1
3093	10	49	-6	-30	0	101	0	5	35	1	1
3093	10	50	-3	-30	0	101	0	5	35	1	1
3094	1	1	-30	-30	0	7	1	1	36	1	1
3094	1	2	-27	-30	0	7	0	1	36	1	1
3094	1	3	-24	-30	0	7	0	1	36	1	1
3094	1	4	-21	-30	0	7	0	1	36	1	1
3094	1	5	-18	-30	0	7	0	1	36	1	1
3094	1	6	-15	-30	0	7	0	1	36	1	1
3094	1	7	-12	-30	0	7	0	1	36	1	1
3094	1	8	-9	-30	0	7	0	1	36	1	1
3094	1	9	-6	-30	0	7	0	1	36	1	1
3094	1	10	-3	-30	0	7	0	1	36	1	1
3094	1	11	-30	-30	0	15	1	2	36	1	1
3094	1	12	-27	-30	0	15	0	2	36	1	1
3094	1	13	-24	-30	0	15	0	2	36	1	1
3094	1	14	-21	-30	0	15	0	2	36	1	1
3094	1	15	-18	-30	0	15	0	2	36	1	1
3094	1	16	-15	-30	0	15	0	2	36	1	1
3094	1	17	-12	-30	0	15	0	2	36	1	1
3094	1	18	-9	-30	0	15	0	2	36	1	1
3094	1	19	-6	-30	0	15	0	2	36	1	1
3094	1	20	-3	-30	0	15	0	2	36	1	1
3094	1	21	-30	-30	0	101	1	3	36	1	1
3094	1	22	-27	-30	0	101	1	3	36	1	1
3094	1	23	-24	-30	0	101	1	3	36	1	1
3094	1	24	-21	-30	0	101	1	3	36	1	1
3094	1	25	-18	-30	0	101	1	3	36	1	1
3094	1	26	-15	-30	0	101	1	3	36	1	1
3094	1	27	-12	-30	0	101	1	3	36	1	1
3094	1	28	-9	-30	0	101	1	3	36	1	1
3094	1	29	-6	-30	0	101	1	3	36	1	1
3094	1	30	-3	-30	0	101	1	3	36	1	1
3094	1	31	-30	-30	0	29	1	4	36	1	1
3094	1	32	-27	-30	0	29	1	4	36	1	1
3094	1	33	-24	-30	0	29	1	4	36	1	1
3094	1	34	-21	-30	0	29	1	4	36	1	1
3094	1	35	-18	-30	0	29	1	4	36	1	1
3094	1	36	-15	-30	0	29	1	4	36	1	1
3094	1	37	-12	-30	0	29	1	4	36	1	1
3094	1	38	-9	-30	0	29	1	4	36	1	1
3094	1	39	-6	-30	0	29	1	4	36	1	1
3094	1	40	-3	-30	0	29	0	4	36	1	1
3094	1	41	-30	-30	0	56	1	5	36	1	1
3094	1	42	-27	-30	0	56	1	5	36	1	1
3094	1	43	-24	-30	0	56	1	5	36	1	1
3094	1	44	-21	-30	0	56	1	5	36	1	1
3094	1	45	-18	-30	0	56	1	5	36	1	1
3094	1	46	-15	-30	0	56	1	5	36	1	1
3094	1	47	-12	-30	0	56	1	5	36	1	1
3094	1	48	-9	-30	0	56	1	5	36	1	1
3094	1	49	-6	-30	0	56	1	5	36	1	1
3094	1	50	-3	-30	0	56	1	5	36	1	1
3095	2	1	-3	-30	0	15	0	1	37	1	1
3095	2	2	-6	-30	0	15	0	1	37	1	1
3095	2	3	-9	-30	0	15	0	1	37	1	1
3095	2	4	-12	-30	0	15	0	1	37	1	1
3095	2	5	-15	-30	0	15	0	1	37	1	1
3095	2	6	-18	-30	0	15	0	1	37	1	1
3095	2	7	-21	-30	0	15	1	1	37	1	1
3095	2	8	-24	-30	0	15	0	1	37	1	1
3095	2	9	-27	-30	0	15	1	1	37	1	1
3095	2	10	-30	-30	0	15	1	1	37	1	1
3095	2	11	-3	-30	0	29	0	2	37	1	1
3095	2	12	-6	-30	0	29	0	2	37	1	1
3095	2	13	-9	-30	0	29	0	2	37	1	1
3095	2	14	-12	-30	0	29	0	2	37	1	1
3095	2	15	-15	-30	0	29	1	2	37	1	1
3095	2	16	-18	-30	0	29	0	2	37	1	1
3095	2	17	-21	-30	0	29	1	2	37	1	1
3095	2	18	-24	-30	0	29	1	2	37	1	1
3095	2	19	-27	-30	0	29	1	2	37	1	1
3095	2	20	-30	-30	0	29	1	2	37	1	1
3095	2	21	-3	-30	0	7	0	3	37	1	1
3095	2	22	-6	-30	0	7	0	3	37	1	1
3095	2	23	-9	-30	0	7	0	3	37	1	1
3095	2	24	-12	-30	0	7	0	3	37	1	1
3095	2	25	-15	-30	0	7	0	3	37	1	1
3095	2	26	-18	-30	0	7	0	3	37	1	1
3095	2	27	-21	-30	0	7	0	3	37	1	1
3095	2	28	-24	-30	0	7	1	3	37	1	1
3095	2	29	-27	-30	0	7	0	3	37	1	1
3095	2	30	-30	-30	0	7	1	3	37	1	1
3095	2	31	-3	-30	0	56	0	4	37	1	1
3095	2	32	-6	-30	0	56	0	4	37	1	1
3095	2	33	-9	-30	0	56	0	4	37	1	1
3095	2	34	-12	-30	0	56	0	4	37	1	1
3095	2	35	-15	-30	0	56	0	4	37	1	1
3095	2	36	-18	-30	0	56	0	4	37	1	1
3095	2	37	-21	-30	0	56	1	4	37	1	1
3095	2	38	-24	-30	0	56	1	4	37	1	1
3095	2	39	-27	-30	0	56	1	4	37	1	1
3095	2	40	-30	-30	0	56	1	4	37	1	1
3095	2	41	-3	-30	0	101	0	5	37	1	1
3095	2	42	-6	-30	0	101	0	5	37	1	1
3095	2	43	-9	-30	0	101	0	5	37	1	1
3095	2	44	-12	-30	0	101	0	5	37	1	1
3095	2	45	-15	-30	0	101	0	5	37	1	1
3095	2	46	-18	-30	0	101	1	5	37	1	1
3095	2	47	-21	-30	0	101	1	5	37	1	1
3095	2	48	-24	-30	0	101	1	5	37	1	1
3095	2	49	-27	-30	0	101	1	5	37	1	1
3095	2	50	-30	-30	0	101	1	5	37	1	1
